5 5
81 49 100 69 165
196 42 142 34 10
9999 9999 9999 9999 4
9999 9999 181 62 9999
70 39 199 61 143
111 21 157 22 9999
2 178 38 30 183

5 5
178 175 188 70 16
15 7 93 116 80
9999 9999 24 133 9999
9999 50 9999 143 9999
14 9999 130 9999 182
89 9999 136 9999 9999
152 93 140 52 31

5 5
171 161 147 188 1
11 188 193 38 62
9999 129 9999 9999 9999
163 9999 9999 9999 9999
63 9999 119 127 50
9999 136 9999 87 97
172 9999 15 184 55

5 5
57 14 157 192 199
158 21 93 114 6
106 9999 9999 56 9999
30 148 106 9999 18
9999 9999 29 9999 115
9999 129 9999 193 78
5 161 16 9999 63

5 5
186 101 8 142 74
11 191 196 146 79
9999 9999 9999 192 9999
9999 93 153 9999 184
72 87 16 9999 9999
25 9999 9999 173 62
75 84 43 71 9999

5 5
60 28 127 92 143
3 155 44 173 185
9999 142 9999 9999 9999
180 12 9999 1 9999
9999 141 9999 9999 33
9999 9999 12 9999 112
82 127 179 74 177

5 5
157 183 167 104 36
178 125 123 167 53
9999 39 132 42 9999
15 181 9999 9999 9999
189 9999 9999 9999 90
181 107 157 58 148
193 127 14 27 97

5 5
116 1 84 63 187
44 58 18 67 129
84 9999 9999 9999 9999
9999 9999 9999 30 147
30 126 68 169 9999
132 118 45 9999 42
75 94 151 18 54

5 5
166 74 192 65 72
86 117 157 53 146
181 153 173 9999 9999
147 9999 9999 9999 9999
163 120 156 78 15
9999 9999 65 9999 109
158 49 147 9 9999

5 5
135 80 30 76 1
179 170 132 123 75
44 9999 9999 9999 9999
9999 43 115 61 190
74 169 165 9999 9999
9999 52 103 161 77
5 48 99 9999 149

5 5
7 133 190 189 170
159 57 138 8 100
192 9999 9999 145 9999
9999 149 127 9999 162
9999 9999 14 70 9999
9999 103 9999 48 169
156 82 42 9999 35

5 5
36 35 158 179 72
133 20 94 148 158
9999 9999 25 160 9999
9999 9999 9999 117 171
25 188 32 9999 33
149 92 9999 197 38
193 30 145 87 9999

5 5
3 39 105 157 130
29 70 173 177 41
45 9999 63 109 24
9999 64 9999 9999 44
124 103 49 140 199
162 110 9999 72 9999
9999 98 22 108 9999

5 5
132 22 22 32 178
104 144 47 197 72
9999 116 9999 86 47
190 9999 9999 21 159
1 11 6 149 109
9999 9999 9999 42 2
29 25 40 9999 67

5 5
89 167 94 49 28
54 84 187 178 42
33 9999 25 75 9999
33 12 9999 9999 34
158 156 9999 168 9999
90 1 197 78 32
9999 134 80 189 9999

5 5
194 93 84 99 127
35 180 118 116 130
77 146 124 3 9999
9999 9999 9999 9999 143
111 9999 170 77 103
42 128 73 95 97
174 9999 82 30 198

5 5
153 16 17 12 175
43 63 93 189 180
132 9999 34 62 28
191 9999 9999 9999 9999
138 171 9999 86 66
127 33 9999 9999 88
9999 188 73 9999 150

5 5
167 183 109 67 5
191 3 181 49 46
150 123 9999 173 60
9999 9999 9999 9999 165
9999 9999 145 9999 107
9999 24 97 9999 68
156 29 130 132 9999

5 5
74 43 71 95 34
132 73 114 108 197
103 9999 11 9999 9999
9999 72 84 9999 97
180 177 10 9999 78
64 9999 9999 67 9999
9999 26 26 57 4

5 5
9 18 19 156 157
119 3 16 42 188
168 158 9999 9999 9999
73 9999 195 64 75
9999 9999 7 9999 96
9999 11 176 13 9999
148 9999 184 37 164

5 5
92 142 98 73 199
167 70 57 95 133
9999 9999 162 9999 73
44 157 9999 112 147
195 9999 9999 129 9999
9999 118 125 24 175
9999 9999 187 9999 103

5 5
113 117 70 58 18
99 153 21 23 96
9999 15 9999 67 11
9999 9999 42 25 9999
151 138 9999 9999 118
146 160 170 152 89
9999 58 16 195 183

5 5
86 164 185 6 70
17 70 97 177 101
126 2 9999 99 79
150 67 9999 9999 12
195 9999 136 162 35
192 195 174 9999 192
9999 189 166 167 9999

5 5
182 145 70 103 102
87 20 137 86 71
9999 103 27 32 62
9999 191 126 9999 9999
197 9999 9999 177 22
9999 9999 127 9999 5
16 9999 99 164 146

5 5
192 85 180 193 187
17 196 55 105 84
32 9999 9999 147 109
9999 33 101 32 9999
90 103 9999 126 41
9999 9999 9999 48 189
6 167 124 192 9999

5 5
128 75 27 194 142
95 140 124 9 150
9999 98 9999 9999 16
9999 9999 9999 57 105
26 189 59 28 9999
58 14 9999 130 184
1 112 117 102 186

5 5
30 195 175 49 12
29 76 19 46 166
9999 9999 141 9999 9999
113 9999 9999 107 199
193 9999 82 155 116
67 157 145 9999 177
9999 135 150 9999 9999

5 5
102 197 182 123 75
86 24 193 33 147
9999 182 9999 9999 9999
32 103 9999 9999 9999
9999 9999 14 128 87
9999 41 9999 130 11
59 40 173 6 5

5 5
97 120 100 17 169
194 139 73 184 56
9999 9999 9999 9999 81
108 81 9999 88 72
93 35 61 151 106
71 15 8 30 161
45 9999 9999 9999 169

5 5
119 110 183 19 45
58 126 11 64 90
9999 9999 9999 9999 9999
39 9999 119 68 57
9999 153 23 9999 68
164 103 84 133 67
163 13 121 199 9999

5 5
166 44 13 110 75
121 45 178 133 107
48 159 169 9999 9999
9999 60 9999 97 92
58 9999 7 9999 44
35 102 9999 154 183
178 25 131 11 9999

5 5
23 158 44 88 25
52 147 33 176 178
9999 9999 9999 9999 9999
9999 39 9999 9999 9999
7 53 150 97 33
189 94 30 27 53
178 117 77 160 129

5 5
68 191 175 43 148
123 151 128 81 156
9999 9999 144 9999 185
9999 9999 9999 9999 9999
57 140 97 125 9999
125 65 160 9999 45
105 9999 100 121 9999

5 5
8 83 135 29 47
156 104 77 9 110
18 9999 9999 9999 32
172 9999 9999 145 9999
186 12 195 88 31
19 38 128 55 9999
9999 194 9999 9999 9999

5 5
23 58 168 107 168
83 85 49 143 160
9999 9999 108 9999 9999
9999 16 9999 65 7
9999 102 9999 76 9999
108 9999 74 9999 9999
187 19 9999 181 96

5 5
134 161 128 7 73
95 163 171 13 76
92 126 9999 9999 9999
37 9999 82 9999 23
9999 74 100 76 54
9999 9999 9999 155 9999
8 2 185 15 143

5 5
51 145 36 166 171
159 113 110 84 67
9999 9999 86 9999 9999
9999 135 101 52 9999
24 135 72 61 9999
199 9999 9999 48 146
135 102 9999 62 87

5 5
178 71 155 124 33
76 27 91 149 116
179 9999 68 29 9999
9999 9999 9999 9999 47
71 139 96 9999 156
9999 9999 181 102 142
136 62 9999 29 134

5 5
90 89 153 142 86
130 121 100 78 73
13 9999 9999 9999 9999
9999 9999 104 86 9999
12 132 69 170 145
9999 9999 126 17 138
49 98 1 9999 162

5 5
42 114 17 18 138
194 12 165 35 178
28 7 9999 9999 17
9999 187 142 9999 176
127 64 106 100 9999
39 22 9999 188 70
9999 24 9999 119 9999

5 5
168 167 50 112 137
76 86 107 119 114
152 160 160 18 9999
9999 77 9999 128 83
130 9999 106 59 111
9999 9999 187 55 9999
9999 110 9999 105 138

5 5
2 88 158 61 179
90 107 116 51 85
9999 9999 9999 9999 9999
49 9999 168 190 125
55 125 9999 83 9999
154 64 97 9999 10
9999 2 59 9999 163

5 5
123 131 26 67 144
124 132 109 7 37
189 90 9999 9999 9999
104 43 9999 9999 173
198 9999 187 98 99
89 131 9999 92 148
9999 37 4 9999 90

5 5
127 62 6 171 70
68 197 57 184 40
9999 58 9999 9999 9999
168 9999 9999 9999 50
38 9999 52 64 61
14 29 76 40 102
157 127 84 199 20

5 5
139 62 170 157 137
25 97 182 19 110
9999 9999 196 9999 80
107 35 9999 98 156
68 68 136 194 9999
23 37 9999 114 19
68 48 184 169 24

5 5
108 125 165 6 167
96 17 135 20 4
8 9999 9999 66 9999
121 58 88 9999 9999
179 111 9999 188 9999
41 47 9999 167 40
77 140 81 178 153

5 5
6 22 148 79 19
107 146 9 69 72
31 9999 69 9999 9999
9999 9999 160 89 9999
2 172 80 56 178
113 170 9999 48 9999
9999 59 10 135 119

5 5
83 167 162 48 155
119 58 73 189 54
148 9999 9999 9999 10
69 187 9999 172 9999
9999 196 108 130 9999
115 6 132 88 118
121 174 41 43 183

5 5
87 172 128 15 56
11 152 139 29 37
33 9999 139 9999 9999
9999 27 99 80 9999
9999 194 9999 48 113
37 9999 157 9999 118
9999 9999 137 161 9999

5 5
161 10 31 171 129
184 44 135 24 182
9999 9999 9999 75 9999
106 9999 128 9999 125
159 131 9999 35 9999
9999 37 9999 9999 18
149 149 45 20 158

5 5
178 158 52 97 97
157 69 123 102 183
9999 9999 140 88 129
43 89 65 27 9999
104 144 9999 9999 178
9999 152 112 71 37
9999 143 9999 94 53

5 5
9 39 136 182 45
171 38 94 198 139
121 80 122 122 9999
147 72 9999 147 9999
9999 9999 33 9999 140
33 9999 9999 9999 9999
9999 9999 141 168 145

5 5
2 137 88 107 185
179 138 56 89 21
101 9999 22 54 7
9999 9999 9999 177 9999
187 12 183 182 49
154 89 9999 62 9999
101 122 32 9999 9999

5 5
91 158 50 35 113
27 106 179 92 195
9999 8 139 9999 142
156 189 88 57 114
80 9999 9999 195 177
9999 9999 9999 2 90
62 9999 41 162 9999

5 5
153 76 99 123 136
20 41 188 109 88
168 68 144 9999 9999
101 109 9999 125 72
9999 82 9999 181 9999
9999 9999 185 169 13
33 9999 9999 96 84

5 5
179 152 192 59 103
162 148 195 1 86
88 9999 43 9999 9999
150 9999 82 66 160
125 43 9999 109 16
154 149 105 83 9999
35 145 9999 9999 149

5 5
92 146 176 151 11
149 146 47 70 13
9999 9999 179 142 139
51 102 9999 9999 9999
9999 9999 9999 9999 9999
45 184 9999 9999 171
21 155 117 127 9999

5 5
199 120 42 190 28
175 24 190 183 103
89 9999 154 89 49
117 19 9999 9999 7
107 185 9999 104 80
2 158 92 9999 9999
52 9999 134 9999 9999

5 5
174 128 161 43 29
22 28 89 25 76
9999 9999 21 9999 9999
108 143 9999 53 9999
9999 10 9999 9999 188
41 9999 106 72 39
9999 9 42 190 26

5 5
74 26 116 195 75
115 167 74 17 7
76 9999 9999 9999 132
192 9999 91 49 14
9999 145 51 9999 10
9999 9999 139 65 9999
51 101 9999 139 9999

5 5
96 9 167 11 183
36 190 110 28 23
9999 9999 9999 9999 9999
9999 99 24 48 156
9999 130 9999 9 9999
94 9999 33 156 9999
140 9 9999 9999 44

5 5
85 61 58 110 85
51 47 55 163 1
9999 9999 28 9999 17
60 9999 114 152 164
78 32 9999 9999 15
24 141 9999 53 99
156 11 95 88 128

5 5
62 24 25 75 60
159 25 153 34 194
108 9999 9999 9999 75
108 158 9999 81 176
9999 65 60 9999 51
129 197 183 189 9999
9999 99 183 7 101

5 5
80 116 138 105 157
172 18 32 20 124
10 9999 9999 9999 104
40 9999 9999 28 9999
9999 51 128 130 156
6 94 169 122 9999
9999 8 7 52 110

5 5
74 160 65 140 89
63 171 63 50 184
9999 9999 9999 9999 9999
9999 60 58 9999 153
81 134 170 170 174
9999 15 89 80 99
55 9999 9999 9999 9999

5 5
184 18 122 54 184
50 173 39 21 69
9999 115 52 167 9999
190 9999 95 9999 115
193 103 9999 175 9999
119 9999 2 25 132
179 9999 119 144 109

5 5
160 47 32 109 118
135 135 94 8 165
9999 149 9999 9999 9999
9999 143 43 150 77
100 9999 173 160 9999
128 9999 174 143 90
145 90 76 138 97

5 5
148 80 187 35 20
49 140 79 11 173
9999 9999 9999 67 9999
9999 9999 26 150 54
72 125 9999 9999 27
109 9999 104 9999 9999
20 111 98 49 84

5 5
186 139 149 76 121
7 167 132 133 191
71 9999 166 9999 165
134 131 138 162 156
139 190 9999 9999 9999
9999 185 82 96 157
128 19 163 100 138

5 5
115 49 60 76 136
146 22 124 12 36
2 9999 9999 9999 13
9999 154 9999 9999 129
9999 9999 9999 53 9999
33 11 159 198 44
16 52 78 29 71

5 5
118 54 190 3 180
64 83 155 94 108
113 9999 111 9999 104
9999 155 9999 141 9999
199 86 9 175 9999
120 57 194 170 4
9999 9999 9999 43 76

5 5
8 100 106 21 140
11 38 136 121 76
9999 9999 9999 9999 9999
173 58 185 9999 9999
42 164 21 54 167
111 58 110 159 144
51 16 129 42 9999

5 5
25 152 151 26 130
50 30 92 118 172
9999 9999 8 13 57
4 179 133 142 9999
44 35 191 9999 9999
9999 167 161 152 9999
131 25 70 9999 176

5 5
195 90 25 144 21
153 199 9 103 155
9999 9999 25 9999 9999
135 114 9999 128 108
9999 142 9999 9999 9999
9999 9999 126 124 156
18 150 69 9999 54

5 5
162 154 72 184 82
67 93 182 157 150
170 9999 9999 126 9999
9999 99 199 58 17
9999 114 173 9999 63
9999 193 109 59 120
4 9999 9999 60 9999

5 5
77 163 165 156 153
26 66 101 39 60
9999 48 9999 9999 72
8 104 9999 9999 195
9999 9999 30 47 173
45 77 181 9999 76
108 101 100 113 9999

5 5
12 135 97 108 100
127 182 175 80 101
9999 9999 9999 117 9999
9999 37 9999 15 16
141 28 195 9999 155
100 9999 20 68 9999
62 40 9999 135 39

5 5
140 6 132 185 185
10 8 150 186 116
199 107 56 121 21
142 9999 9999 9999 58
104 9999 169 9999 9999
9999 109 9999 188 9999
9999 44 109 35 93

5 5
146 146 91 19 96
178 26 32 136 180
9999 116 11 9999 9999
26 106 34 9999 127
193 14 9999 95 62
42 9999 9999 9999 8
13 9999 42 41 97

5 5
183 85 171 21 76
107 77 102 6 72
9999 9999 181 9999 9999
9999 110 9999 62 7
9999 146 9999 9999 9999
186 9999 9999 96 84
132 9999 85 125 27

5 5
160 168 133 178 164
68 125 86 174 4
9999 174 186 9999 48
77 9999 9999 172 9999
12 9999 157 150 135
139 78 9999 9999 9999
9999 11 195 9999 112

5 5
81 56 2 132 107
38 145 186 142 91
9999 9999 5 9999 9999
9999 69 38 9999 9999
9999 98 9999 50 127
197 74 11 9999 9999
16 100 9 33 92

5 5
194 191 76 40 184
91 158 188 72 159
155 9999 9999 93 9999
64 54 9999 9999 9999
63 9999 9999 73 9999
151 9999 155 9999 127
9999 175 140 50 61

5 5
178 45 123 22 33
158 62 126 48 151
9999 9999 9999 9999 9999
179 51 54 186 153
9999 130 121 9999 105
9 82 115 9999 119
150 175 63 177 9999

5 5
126 81 57 63 69
194 121 108 5 1
9999 94 17 194 124
9999 9999 9999 85 9999
9999 67 55 100 9999
100 168 182 9999 199
50 9999 63 176 181

5 5
60 14 138 38 16
135 38 110 168 86
128 128 9999 9999 9999
9999 14 9999 9999 193
128 9999 63 187 9999
106 105 165 93 116
9999 108 191 9999 9999

5 5
169 39 11 156 101
184 172 58 120 143
125 9999 9999 9999 9999
9999 9999 198 38 31
52 107 9999 9999 9999
66 39 81 120 19
107 9999 141 70 45

5 5
98 76 18 148 154
77 96 194 91 137
12 189 22 107 31
9999 9999 9999 121 130
9999 5 16 9999 48
9999 9999 20 9999 9999
11 177 9999 130 9999

5 5
7 27 111 32 22
177 70 10 49 7
51 76 9999 9999 27
199 93 25 56 59
9999 9999 146 9999 9999
191 159 38 9999 192
9999 9999 165 142 119

5 5
166 17 64 105 197
8 182 159 197 57
2 9999 9999 9999 9999
198 9999 190 115 9999
9999 40 9999 186 9999
9999 86 9999 139 195
51 52 27 82 164

5 5
66 56 32 185 30
197 192 172 84 193
9999 9999 9999 9999 9999
9999 9999 164 9999 8
125 20 9999 190 9999
140 94 3 164 137
18 133 9999 90 9999

5 5
20 126 46 163 77
106 112 196 22 44
9999 170 11 9999 9999
140 156 23 6 9999
120 9999 189 15 9999
131 14 85 78 195
161 33 9999 9999 69

5 5
164 73 137 60 96
195 57 73 166 113
6 182 9999 9999 9999
9999 102 9999 9999 9999
173 9999 85 92 97
26 9999 115 91 75
91 9999 27 28 57

5 5
100 2 85 64 159
71 82 32 137 166
97 9999 36 9999 9999
165 6 160 51 177
9999 105 61 161 9999
84 81 9999 9999 58
51 190 14 9999 198

5 5
62 30 187 48 152
70 107 8 166 29
9999 139 9999 9999 9999
191 9999 9999 2 9999
9 9999 9999 9999 199
173 93 25 137 15
87 188 111 8 42

5 5
6 79 67 6 132
50 172 137 24 95
142 9999 14 41 9999
56 9999 9999 9999 82
9999 91 9999 62 9999
9999 9999 137 103 197
143 104 9999 71 24

5 5
171 109 109 121 30
171 127 132 153 191
9999 9999 9999 121 9999
100 9999 9999 9999 136
110 101 116 89 9999
27 47 9999 167 132
9999 54 50 131 53

5 5
100 192 184 31 55
6 184 193 148 100
9999 39 34 81 9999
9999 192 9999 9999 94
153 9999 37 55 12
169 9999 171 36 140
194 23 182 9999 6

5 5
11 85 53 18 55
197 134 182 154 145
104 168 9999 66 9999
169 9999 73 9999 9999
9999 192 185 9999 190
74 77 106 61 109
48 9999 9999 57 94

5 5
140 88 173 17 133
147 112 169 108 135
2 195 68 27 53
9999 15 9999 158 9999
172 174 193 9999 9999
143 9999 9999 184 115
49 9999 124 9999 9999


