3 7
49 160 166
188 67 4 177 189 37 31
9999 9999 9999 9999 151 21 9999
148 9999 110 9999 125 79 9999
180 71 48 92 24 9999 65

3 7
174 137 27
8 176 130 67 137 142 1
85 9999 21 105 9999 3 145
9999 19 145 9999 87 168 54
96 9999 9999 113 9999 121 140

3 7
93 113 157
81 16 100 102 137 38 47
147 84 9999 9999 188 196 180
21 104 9999 51 9999 9999 4
192 9999 51 184 9999 9999 9999

3 7
174 55 81
129 82 95 184 128 1 50
9999 9999 106 195 9999 102 13
9999 186 9999 43 63 9999 53
89 9999 15 114 9999 58 9999

3 7
32 80 73
163 54 28 105 109 39 57
173 9999 9999 81 9999 9999 9999
9999 9999 164 9999 9999 104 35
9999 159 9999 9999 44 9999 3

3 7
23 161 123
136 137 161 81 133 77 101
25 9999 105 9999 42 111 9999
9999 9999 9999 181 136 9999 9999
125 191 9 88 9999 48 138

3 7
72 103 124
113 140 120 5 161 180 13
175 9999 68 9999 184 89 9999
9999 36 9999 9999 9999 119 166
129 9999 26 176 9999 9999 9999

3 7
157 69 181
72 182 177 121 91 124 22
9999 9999 161 9999 9999 9999 9999
67 9999 67 9999 5 96 9999
9999 49 16 14 17 179 101

3 7
148 115 7
19 109 81 95 65 118 46
9999 24 9999 9999 29 9999 9999
9999 9999 23 9999 9999 11 14
91 111 38 64 9999 29 195

3 7
38 178 185
143 169 53 49 100 20 71
9999 9999 178 77 9999 9999 9999
9999 71 9999 9999 93 133 9999
16 101 9999 9999 9999 31 77

3 7
113 86 22
93 9 90 192 175 7 61
3 9999 9999 9999 9999 63 74
9999 85 12 9999 110 78 9999
10 22 9999 60 96 40 9999

3 7
189 173 53
128 152 5 105 176 61 41
9999 9999 9999 70 190 79 102
9999 139 20 9999 9999 9999 40
17 9999 9999 9999 9999 9999 178

3 7
36 198 59
170 9 121 71 171 193 170
112 9999 9999 178 9999 9999 9999
9999 75 9999 97 189 9999 188
9999 78 196 9999 189 2 151

3 7
35 110 69
181 45 189 102 81 193 119
32 11 9999 9999 9999 110 9999
155 24 9999 17 9999 9999 9999
9999 9999 46 67 140 166 109

3 7
71 54 146
199 21 112 58 101 56 53
9999 47 9999 9999 9999 131 9999
94 152 190 9999 9999 9999 198
87 169 9999 33 41 9999 9999

3 7
187 53 108
65 132 20 17 15 92 185
192 184 63 182 70 9999 9999
9999 19 44 127 181 127 9999
9999 192 181 9999 134 9999 129

3 7
5 194 23
106 98 110 25 37 93 123
9999 9999 161 9999 31 9999 64
9999 33 9999 9999 61 20 197
26 75 117 22 9999 26 25

3 7
58 111 71
138 142 197 46 157 171 121
9999 29 18 9999 9999 89 9999
63 90 9999 9999 9999 9999 9999
9999 14 9999 38 174 161 77

3 7
89 118 160
123 75 185 73 162 101 114
9999 9999 9999 9999 152 166 9999
145 9999 157 9999 9999 149 9999
135 160 15 37 9999 9999 157

3 7
4 121 197
195 168 135 166 40 90 75
9999 17 9999 9999 9999 9999 79
9999 9999 144 110 53 29 9999
4 164 169 7 118 36 130

3 7
77 72 118
153 73 179 4 94 169 23
9999 9999 119 195 20 179 135
170 94 9999 9999 189 9999 9999
146 9999 32 134 31 9999 9999

3 7
67 167 137
160 44 50 7 184 45 105
32 74 9999 9999 9999 9999 149
9999 96 55 195 9999 9999 185
154 36 9999 13 93 130 18

3 7
155 62 52
45 79 174 8 32 150 146
182 9999 9999 174 9999 9999 13
116 80 6 9999 181 47 9999
182 9999 9999 9999 9999 26 169

3 7
74 61 190
36 125 72 187 23 187 106
9999 9999 75 9999 9999 58 9999
9999 9999 153 99 74 9999 9999
88 156 14 143 5 182 8

3 7
65 165 88
155 141 87 54 160 10 125
32 11 45 9999 9999 192 9999
9999 9999 153 9999 9999 9999 9999
4 9999 9999 129 83 183 159

3 7
34 39 187
109 73 117 68 51 191 6
9999 175 129 85 127 9999 9999
9999 137 9999 9999 169 9999 126
122 9999 15 191 9999 154 53

3 7
68 115 97
177 160 24 198 143 114 136
193 9999 9999 9999 9999 9999 9999
33 9999 9999 9999 156 150 149
60 198 160 98 9999 9999 178

3 7
152 53 164
154 1 13 97 21 168 162
9999 166 9999 9999 9999 2 94
9999 9999 9999 102 13 9999 9999
180 97 190 54 9999 9999 9999

3 7
20 49 118
179 20 52 120 124 146 108
154 16 9999 9999 9999 129 9999
192 9999 114 166 81 9999 86
71 80 115 9999 9999 198 140

3 7
65 151 108
7 23 68 161 58 19 165
168 74 9999 168 176 9999 172
9999 9999 63 40 16 9999 9999
142 9999 19 9999 9999 77 30

3 7
75 123 10
82 117 42 172 95 29 33
9999 86 145 9999 137 193 9999
9999 9999 9999 9999 9999 9999 9999
154 188 184 15 66 132 176

3 7
93 5 187
51 121 77 24 23 78 49
9999 181 9999 9999 48 9999 9999
9999 84 77 134 34 59 45
179 98 82 115 22 9999 9999

3 7
185 198 90
62 127 150 193 181 187 114
9999 9999 91 9999 9999 9999 9999
9999 105 22 165 182 9999 76
69 9999 9999 93 9999 72 75

3 7
86 118 83
180 157 184 106 115 148 130
9999 66 9999 85 9999 88 17
139 151 146 9999 67 9999 190
9999 9999 47 9999 9999 130 9999

3 7
179 105 44
116 122 110 124 67 148 5
9999 9999 2 38 189 9999 9999
119 115 9999 137 9999 184 143
25 112 61 9999 45 20 9999

3 7
114 111 162
25 142 130 191 58 29 176
9999 79 9999 9999 9999 9999 9999
46 9999 104 4 9999 9999 8
105 9999 9999 31 130 84 196

3 7
11 197 166
35 115 196 72 81 13 62
9999 173 176 9999 143 133 9999
31 1 104 20 43 9999 88
67 61 9999 9999 9999 159 111

3 7
29 26 83
101 134 126 15 146 174 184
9999 9999 9999 9999 96 85 38
76 83 197 140 104 9999 9999
90 9999 9999 116 9999 9999 34

3 7
189 161 9
111 112 173 90 150 85 5
9999 9999 9999 196 9999 108 112
190 9999 121 9999 194 9999 167
9999 115 9999 9999 9999 152 85

3 7
154 78 150
192 41 79 21 45 41 123
9999 9999 9999 9999 9999 9999 125
9999 9999 157 9999 9999 52 9999
126 168 137 151 151 9999 113

3 7
153 6 12
135 189 144 8 141 72 29
34 9999 9999 9999 9999 9999 9999
9999 22 56 9999 9999 9999 9999
144 195 188 89 10 165 46

3 7
120 173 27
161 152 17 74 18 193 177
150 145 9999 9999 111 9999 158
9999 175 74 124 9999 9999 123
9999 9999 9999 183 9999 190 9999

3 7
75 65 48
131 156 95 42 158 93 127
156 109 25 9999 9999 32 175
9999 9999 31 191 9999 9999 9999
146 80 9999 159 61 9999 107

3 7
145 13 92
71 150 173 117 77 72 107
9999 9999 141 138 9999 139 9999
79 10 9999 138 98 9999 105
124 129 124 9999 9999 83 36

3 7
101 159 29
34 24 85 150 62 76 48
9999 9999 9999 20 59 107 9999
9999 146 9999 76 9999 9999 9999
196 9999 86 174 121 125 16

3 7
54 99 132
198 109 168 183 156 113 110
10 9999 128 9999 25 9999 58
92 21 171 41 9999 94 14
57 148 9999 9999 9999 9999 9999

3 7
64 55 2
174 13 164 14 159 10 145
9999 9999 9999 172 9999 9999 60
9999 16 9999 9999 1 136 116
63 175 7 9999 9999 19 9999

3 7
113 23 169
175 62 38 45 160 189 85
199 78 9999 9999 83 9999 166
69 154 9999 82 9999 98 9999
9999 157 141 9999 155 104 112

3 7
155 22 180
195 199 29 55 99 44 131
98 17 9999 186 9999 9999 199
87 116 9999 9999 43 9999 43
9999 126 69 9999 9999 153 133

3 7
95 31 100
24 29 95 154 3 92 29
5 9999 101 87 144 9999 24
9999 62 9999 9999 9999 171 9999
45 9999 119 83 9999 46 120

3 7
142 187 1
55 135 153 103 161 184 165
116 90 159 9999 9999 9999 9999
9999 9999 9999 107 160 21 60
9999 9999 56 9999 139 67 50

3 7
188 147 49
116 122 141 157 56 59 101
140 108 179 83 9999 91 142
9999 188 116 9999 9999 44 126
9999 148 39 177 18 29 9999

3 7
23 43 24
44 87 111 159 89 46 171
172 64 9999 9999 9999 195 42
102 9999 9999 35 71 79 199
9999 157 20 9999 9999 9999 9999

3 7
173 35 3
35 137 109 115 188 123 132
9999 27 9999 15 3 9999 9999
162 40 9999 9999 9999 10 9999
98 9999 197 9999 11 7 92

3 7
186 97 185
109 149 141 59 183 96 103
9999 168 9999 105 63 9 172
56 9999 9999 9999 85 36 9999
9999 9999 127 51 9999 9999 43

3 7
48 169 177
190 136 9 165 31 96 189
9999 107 9999 9999 134 9999 9999
9999 9999 9999 9999 9999 9999 81
128 138 92 90 166 105 9999

3 7
177 90 22
77 52 147 115 97 107 140
9999 154 9999 70 9999 30 9999
141 9999 105 9999 105 34 125
9999 36 9999 179 78 9999 10

3 7
53 88 31
92 177 93 109 92 123 194
9999 9999 139 9999 196 9999 9999
50 52 9999 9999 9999 123 76
93 192 155 179 9999 9999 26

3 7
28 42 21
192 126 47 163 173 95 16
9999 9999 136 9999 158 9999 47
9999 119 133 158 9999 9999 47
30 77 9999 19 9 95 75

3 7
192 29 169
163 14 114 55 12 139 195
151 9999 9999 9999 16 175 9999
6 98 58 9999 8 110 9999
86 178 192 119 9999 9999 78

3 7
165 48 125
71 166 125 76 191 173 97
9999 9999 9999 9999 1 9999 9999
60 11 120 9999 9999 101 74
9999 66 9999 167 9999 159 9

3 7
58 103 103
105 43 66 44 129 10 32
54 185 105 9999 9999 46 60
35 9999 9999 58 9999 50 9999
9999 9999 49 82 43 9999 9999

3 7
61 148 67
82 2 190 75 97 38 152
9999 9999 95 30 9999 9999 186
9999 90 9999 99 93 9999 9999
197 151 9999 9999 9999 171 92

3 7
23 108 194
115 12 166 72 19 35 43
9999 8 126 121 6 9999 176
9999 9999 9999 188 130 9999 9999
8 42 163 9999 9999 97 65

3 7
32 34 85
94 75 17 132 16 30 45
197 97 9999 9999 121 9999 9999
9999 9999 120 9999 189 41 9999
144 67 9999 157 163 187 70

3 7
96 103 67
41 130 86 60 150 171 132
9999 84 3 38 52 72 9999
54 9999 9999 9999 164 9999 1
58 89 178 129 9999 7 183

3 7
58 14 19
108 16 96 157 68 65 52
9 9999 119 62 9999 9999 9999
9999 49 9999 95 97 9999 100
52 128 69 9999 59 35 66

3 7
63 2 83
6 109 143 45 160 33 104
82 9999 19 111 129 9999 9999
141 9999 9999 9999 13 156 119
9999 120 9999 9999 188 9999 52

3 7
131 31 122
186 117 132 47 81 193 166
9999 9999 177 9999 9999 189 9999
189 139 9999 9999 9999 9999 133
9999 186 115 47 192 3 50

3 7
14 89 138
182 153 9 170 170 171 66
89 9999 9999 9999 9999 128 148
124 182 70 9999 168 9999 10
9999 9999 9999 118 17 100 9999

3 7
49 97 88
140 102 113 56 8 90 86
9999 9999 9999 9999 113 95 9999
9999 8 12 9999 9999 9999 9999
112 145 9999 34 9999 9999 153

3 7
199 144 67
161 156 22 187 93 72 68
68 9999 92 9999 9999 70 90
84 9999 162 9999 9999 9999 9999
9999 194 197 78 148 9999 46

3 7
147 120 2
85 95 20 199 71 13 130
18 9999 13 31 88 9999 9999
185 63 74 9999 131 84 4
9999 16 9999 9999 135 41 9999

3 7
179 131 163
138 25 108 170 58 86 149
9999 118 160 145 27 9999 3
9999 74 78 9999 166 44 98
92 180 9999 116 61 18 154

3 7
62 125 34
123 130 62 70 11 38 40
152 106 105 101 8 64 5
9999 9999 79 9999 9999 9999 9999
9999 9999 11 52 9999 9999 9999

3 7
192 141 88
63 129 79 107 60 73 23
9999 9999 9999 9999 9999 9999 1
138 175 159 57 9999 166 116
172 9999 101 173 79 9999 37

3 7
50 102 164
11 108 50 73 69 121 189
9999 9999 90 91 9999 50 2
9999 90 9999 9999 32 115 9999
155 160 145 9999 9999 175 170

3 7
130 175 87
58 142 148 72 124 63 6
148 18 9999 9999 141 9999 9999
9999 9999 9999 58 116 164 57
67 9999 145 9999 9999 164 149

3 7
137 174 95
30 30 47 152 10 99 30
146 35 137 9999 9999 40 9999
173 119 64 83 91 9999 197
94 9999 108 9999 9999 148 39

3 7
111 170 137
157 40 27 45 63 8 155
133 9999 45 31 175 9999 165
132 155 9999 9999 171 184 137
11 119 153 9999 9999 67 9999

3 7
128 73 174
182 5 114 99 42 107 137
9999 106 9999 9999 9999 109 9999
143 103 9999 13 178 9999 9999
129 9999 105 9999 2 20 64

3 7
168 185 15
75 164 121 157 112 126 32
9999 9999 9999 9999 182 198 42
12 9999 9999 9999 9999 9999 188
120 181 188 143 30 171 72

3 7
81 116 68
101 79 197 107 129 101 150
9999 9999 156 9999 71 105 9999
65 193 116 155 9999 9999 103
73 181 9999 64 184 9999 184

3 7
58 135 49
173 125 22 129 51 113 64
152 176 9999 9999 9999 172 9999
9999 9999 112 176 111 9999 16
96 5 9999 9999 9999 9999 76

3 7
176 189 141
198 193 34 159 196 46 155
82 9999 74 9999 34 183 9999
9999 9999 9999 93 120 9999 40
107 150 9999 95 9999 82 143

3 7
190 87 98
29 52 92 28 46 83 44
9999 183 9999 63 9999 35 60
9999 9999 9999 156 97 9999 122
196 82 157 145 163 43 140

3 7
27 168 85
46 151 162 68 25 145 175
9999 172 9999 109 49 9999 9999
9999 9999 9999 14 9999 144 150
32 194 46 9999 37 51 24

3 7
123 146 161
194 38 12 48 188 23 177
9999 9999 9999 9999 74 9999 9999
9999 149 148 9999 9999 41 47
106 178 100 74 70 9999 11

3 7
49 29 35
61 36 147 109 45 91 7
106 9999 9999 9999 33 9999 141
9999 94 9999 125 39 153 9
38 58 6 148 9999 175 9999

3 7
162 172 133
19 68 102 100 113 45 141
154 122 9999 9999 9999 9999 139
9999 117 28 95 89 9999 27
11 165 9999 117 9999 4 183

3 7
30 38 108
39 40 5 22 82 170 42
14 103 179 9999 20 137 77
9999 9999 9999 9999 9999 9999 11
122 134 59 77 9999 75 9999

3 7
105 101 95
130 38 30 75 86 63 23
27 9999 6 9999 9999 9999 9999
31 37 9999 49 136 93 98
9999 152 9999 104 9999 196 9999

3 7
164 138 191
117 93 190 125 119 26 156
9999 30 9999 9999 9999 9999 181
9999 137 36 172 9999 136 9999
142 9999 112 141 149 9999 70

3 7
123 97 183
84 116 172 154 119 20 185
9999 27 176 9999 9999 9999 9999
9999 9999 9999 49 91 104 9999
132 9999 115 11 71 26 23

3 7
12 79 122
186 36 97 126 183 87 122
191 166 9999 185 133 9999 9999
134 9999 9999 9999 32 49 124
9999 9999 90 119 9999 55 9999

3 7
190 96 143
85 167 159 103 70 78 126
9999 9999 9999 9999 120 46 45
84 9999 47 198 165 9999 9999
93 66 110 9999 9999 132 9999

3 7
189 125 14
149 107 36 65 77 2 83
9999 9999 6 26 9999 9999 137
9999 9999 9999 9999 121 9999 9999
11 187 9999 194 40 109 9999

3 7
53 4 136
163 153 121 72 169 118 93
9999 65 103 9999 9999 9999 112
186 9999 66 94 9999 9999 119
9999 154 91 9999 192 31 59

3 7
187 23 169
106 114 93 129 34 125 109
9999 9999 9999 9999 36 9999 27
9999 126 9999 59 161 84 197
114 83 2 9999 9999 113 9999

3 7
82 89 51
97 64 143 35 135 104 171
151 9999 137 9999 9999 190 9999
125 37 9999 9999 9999 8 47
45 25 9999 68 67 50 9999


