5 4
165 164 136 41 3
145 24 118 76
9999 9999 9999 9999
9999 51 9999 9999
165 9999 97 10
52 22 9999 9999
96 178 40 174

5 4
161 44 37 103 46
103 21 55 87
9999 129 9999 9999
158 9999 9999 9999
24 9999 9999 150
183 97 51 9999
31 10 190 144

5 4
162 152 111 151 17
84 46 87 111
9999 9999 9999 162
1 191 40 9999
79 102 38 9999
86 152 120 173
9999 95 103 9999

5 4
180 161 65 54 138
34 51 103 104
46 56 9999 18
66 83 59 9999
9999 43 9999 62
9999 154 44 2
9999 9999 153 135

5 4
50 83 136 103 99
99 120 7 186
9999 91 9999 164
9999 9999 9999 9999
15 137 196 9999
96 66 134 83
150 80 110 9999

5 4
76 35 150 176 180
122 194 122 129
9999 9999 9999 87
9999 9999 6 163
151 9999 133 9999
9999 65 9999 9999
116 89 8 9999

5 4
19 132 87 187 39
184 22 60 44
9999 9999 9999 9999
71 66 63 180
9999 113 18 125
132 196 188 9999
9999 197 61 116

5 4
146 188 71 172 32
123 96 124 161
142 9999 9999 118
9999 152 87 9999
34 39 111 9999
54 187 37 141
129 9999 50 44

5 4
84 47 21 127 123
72 138 80 49
192 9999 9999 77
9999 9999 9999 160
9999 9999 35 9999
65 22 67 9999
8 38 39 9999

5 4
188 75 172 117 121
50 4 88 62
30 9999 9999 9999
9999 9999 148 12
9999 11 9 197
10 50 9999 9999
62 103 9999 33

5 4
169 122 94 19 87
181 61 13 77
9999 9999 9999 9999
9999 103 9999 9999
110 54 9999 80
9 155 178 9999
194 168 146 104

5 4
146 174 102 9 138
164 178 127 151
42 141 120 53
70 45 9999 55
9999 189 186 9999
144 9999 186 9999
9999 9999 168 39

5 4
141 80 135 172 63
112 158 133 138
9999 9999 151 9999
9999 191 9999 9999
140 169 34 9999
9999 9999 188 189
159 20 96 94

5 4
183 182 100 133 44
100 12 141 134
9999 134 5 116
82 9999 1 9999
9999 9999 9999 9999
9999 150 19 9999
59 162 9999 107

5 4
35 47 112 142 82
13 8 28 183
9999 9999 9999 9999
9999 131 183 9999
147 98 9999 112
185 26 9999 38
9999 19 35 196

5 4
79 131 159 128 97
60 36 30 81
9999 9999 9999 9999
175 9999 191 9999
80 82 9999 46
32 62 197 107
9999 157 160 199

5 4
190 56 163 29 53
72 62 134 160
9999 9999 9999 9999
9999 68 9999 9999
133 9999 95 124
111 189 37 20
163 46 144 9999

5 4
192 67 173 123 25
88 65 119 139
9999 52 9999 9999
9999 9999 9999 9999
194 108 145 74
105 9999 69 40
175 37 195 79

5 4
134 124 161 52 195
69 1 68 192
9999 87 194 9999
57 128 9999 35
9999 9999 113 83
120 9999 9999 127
70 164 88 97

5 4
138 80 8 195 102
88 35 130 138
9999 38 26 9999
9 60 85 175
9999 53 67 9999
160 39 9999 9999
195 158 130 133

5 4
172 24 137 16 139
126 66 196 164
134 27 9999 9999
9999 138 40 9999
94 9999 170 9999
159 9999 156 178
15 83 9999 173

5 4
33 172 153 90 59
99 14 192 112
9999 9999 9999 9999
118 9999 9999 51
129 88 73 48
187 183 65 127
9999 106 51 108

5 4
33 40 160 41 105
84 185 71 46
9999 9999 114 180
8 9999 128 9999
66 101 47 93
74 13 9999 9999
9999 167 16 43

5 4
190 174 5 81 42
88 99 176 105
9999 9999 9999 125
193 34 87 174
9999 9999 143 9999
40 79 83 62
100 158 31 45

5 4
5 186 100 78 116
54 106 182 72
162 9999 113 9999
31 119 115 119
9999 9999 162 157
196 21 100 9999
9999 9999 92 159

5 4
139 167 88 119 168
145 132 79 98
192 89 193 49
9999 9999 9999 9999
16 24 9999 184
128 76 183 9999
37 6 176 101

5 4
6 144 55 160 174
197 79 39 75
192 9999 194 9999
9999 9999 41 9999
9999 47 9999 9999
169 143 5 10
117 126 81 142

5 4
81 114 10 56 152
56 8 138 40
9999 9999 152 9999
9999 41 9999 68
9999 9999 9999 30
12 13 15 9999
55 14 9999 194

5 4
82 12 8 173 61
148 85 115 128
9999 9999 9999 29
31 72 9999 9999
18 9999 9999 1
9999 192 95 134
91 26 176 9999

5 4
190 150 176 17 138
197 4 162 110
9999 147 197 149
9999 135 9999 9999
108 9999 110 104
185 86 12 95
69 168 160 9999

5 4
95 152 169 123 182
10 60 154 88
9999 13 121 9999
9999 81 139 22
45 9999 190 174
9999 39 74 45
4 161 113 9999

5 4
2 69 110 25 128
51 157 40 154
9999 9999 9999 9999
67 15 131 71
34 179 71 9999
28 9999 106 87
44 44 9999 166

5 4
35 79 25 52 106
131 148 179 4
79 9999 194 138
9999 9999 9999 9999
74 117 115 87
71 110 45 131
9999 159 39 122

5 4
51 78 195 53 111
198 86 175 187
9999 9999 9999 103
73 9999 9999 9999
9999 57 44 11
123 9999 63 9999
123 115 4 46

5 4
38 25 179 108 173
134 71 38 51
9999 9999 9999 9999
104 9999 9999 22
9999 9999 30 89
173 97 100 22
9999 1 161 9999

5 4
11 108 85 113 183
53 89 100 129
9999 161 9999 9999
7 9999 197 9999
9999 107 9999 37
105 46 9999 163
118 193 12 104

5 4
105 43 184 67 56
156 173 62 22
144 9999 9999 9999
3 87 9999 9999
50 9999 9999 86
9999 166 129 142
9999 198 188 144

5 4
176 97 177 13 105
96 21 93 71
9999 134 83 9999
108 9999 9999 62
74 193 128 9999
61 74 183 131
13 132 87 5

5 4
15 158 103 19 178
102 141 183 31
9999 9999 9999 86
22 149 138 9999
98 9999 9999 9999
31 35 113 84
149 35 51 161

5 4
134 86 166 169 136
43 136 157 86
9999 9999 122 193
138 9999 9999 9999
164 9999 90 9999
9999 24 33 53
137 29 174 141

5 4
45 76 172 48 7
118 67 113 75
9999 42 141 9999
59 9999 9999 9999
188 128 9999 9999
9999 9999 91 153
149 89 169 26

5 4
100 83 46 16 184
178 80 120 103
129 9999 120 9999
9999 40 69 144
12 16 135 5
20 9999 173 158
9999 114 9999 56

5 4
9 164 88 117 191
46 68 169 151
9999 172 9999 9999
9999 153 180 9999
46 9999 9999 118
9999 153 9999 9999
52 127 97 73

5 4
130 139 149 179 46
119 97 156 134
9999 9999 4 9999
153 9999 9999 29
146 9999 162 74
9999 182 106 31
9999 119 147 9999

5 4
176 166 182 2 166
107 115 175 50
9999 9999 83 9999
74 48 147 9999
188 9999 75 171
9999 166 37 9999
48 9999 9999 109

5 4
157 116 113 7 115
70 22 93 140
9999 3 9999 9999
9999 9999 39 104
9999 10 181 35
121 138 70 29
33 59 118 25

5 4
84 37 178 95 180
150 169 116 165
161 71 77 64
121 9999 76 9999
9999 9999 9999 9999
100 153 110 9999
180 96 9999 4

5 4
85 167 44 135 188
94 191 63 67
9999 9999 9999 9999
9999 9999 9999 9999
9999 9999 152 10
13 108 81 23
23 117 39 16

5 4
70 51 36 125 181
23 80 6 86
9999 199 33 9999
63 37 9999 9999
182 26 109 9999
188 9999 26 122
9999 129 9999 105

5 4
74 55 96 190 145
52 51 171 114
9999 9999 9999 21
9999 171 57 9999
120 9999 140 122
4 9999 111 9999
140 44 9999 36

5 4
18 40 13 34 104
18 198 71 145
21 191 93 9999
9999 15 9999 9999
9999 9999 106 9999
9999 193 9999 155
69 9999 87 149

5 4
26 20 44 77 170
84 191 24 68
9999 135 9999 9999
128 9999 10 45
150 84 38 9999
156 168 66 9999
9999 9999 32 22

5 4
174 80 50 12 68
144 98 3 81
9999 193 9999 9999
9999 9999 9999 9999
9999 188 174 8
5 9999 9999 44
98 185 11 9999

5 4
81 23 138 165 79
121 83 52 156
9999 160 9999 9999
23 153 9999 9999
9999 12 9999 99
176 9999 68 9999
123 63 143 48

5 4
174 98 79 191 62
44 123 50 68
94 9999 107 172
9999 199 110 16
121 9999 68 9999
125 2 9999 158
112 190 9999 9999

5 4
63 81 171 126 28
126 195 150 136
9999 9999 10 157
32 9999 9999 9999
61 152 9999 20
78 124 164 38
3 116 115 90

5 4
113 65 118 178 187
109 173 149 185
9999 9999 9999 164
9999 9999 9999 179
14 9999 122 9999
104 174 9999 60
129 105 54 9999

5 4
197 85 123 84 141
120 53 65 194
9999 9999 9999 9999
19 18 23 9999
112 9999 167 146
9999 79 9999 12
54 90 199 193

5 4
154 57 105 2 160
151 56 17 41
9999 9999 192 9999
9999 9999 9999 105
152 174 9999 185
136 141 146 9999
57 160 20 9999

5 4
154 65 97 72 132
56 71 48 67
17 9999 9999 9999
9999 9999 188 32
9 9999 99 189
9999 88 96 110
166 192 9999 77

5 4
150 188 58 101 1
126 34 163 33
9999 9999 9999 9999
197 161 48 9999
9999 22 9999 158
60 28 82 22
85 9999 29 82

5 4
184 87 34 7 57
7 11 83 161
14 9999 13 126
47 178 9999 9999
9999 195 103 86
9999 9999 54 136
95 172 103 9999

5 4
170 47 36 184 17
86 142 77 33
143 9999 9999 9999
47 9999 9999 114
187 197 14 128
9999 9999 34 186
84 126 14 9999

5 4
105 57 95 31 57
113 104 38 16
8 172 153 9999
3 9999 185 53
198 17 52 87
152 27 9999 66
9999 94 123 167

5 4
86 101 153 194 53
38 171 37 92
9999 9999 9999 58
9999 9999 176 9999
9999 9999 9999 179
141 85 134 9999
57 74 87 54

5 4
21 40 175 135 57
37 101 157 116
95 106 9999 62
129 9999 9999 9999
9999 9999 67 100
187 9999 97 115
86 51 12 177

5 4
70 156 89 181 190
7 167 149 43
9999 90 42 9999
136 9999 9999 9999
9999 9999 28 29
198 9 43 22
9999 126 38 9999

5 4
18 58 142 190 41
147 59 84 59
9999 9999 9999 92
196 50 91 25
27 74 1 9999
9 24 164 9999
150 15 9999 9999

5 4
34 182 45 152 182
195 22 38 85
9999 9999 9999 156
75 187 10 9999
9999 47 9999 2
9999 88 165 196
69 148 9999 9999

5 4
173 93 44 9 155
60 129 7 133
9999 115 9999 9999
91 9999 198 9999
9999 123 56 66
167 42 9999 84
141 199 132 42

5 4
172 19 8 166 150
186 12 104 72
9999 112 9999 195
107 153 16 9999
9999 106 154 9999
199 9999 9999 167
87 141 28 9

5 4
8 162 6 174 31
141 18 176 164
119 9999 111 16
9999 9999 38 9999
9999 91 108 197
9999 9999 13 9999
69 2 9999 68

5 4
184 149 165 133 29
15 147 43 3
9999 185 9999 145
1 26 58 9999
9999 9999 133 119
127 9999 9999 181
91 9999 151 9999

5 4
163 150 141 138 188
110 187 18 182
9999 9999 79 9999
9999 9999 9999 179
182 9999 198 52
119 110 9999 9999
9999 19 100 108

5 4
81 118 70 86 150
35 119 154 98
177 81 15 9999
9999 9999 9999 187
152 31 131 9999
108 172 9999 9999
88 9999 98 50

5 4
176 141 41 188 187
4 122 23 139
9999 9999 160 56
9999 2 9999 44
82 9999 83 64
168 9999 160 3
95 114 127 9999

5 4
187 23 187 52 56
89 182 190 113
28 9999 9999 9999
124 9999 184 180
167 9999 9999 9999
2 85 30 116
9999 3 148 53

5 4
52 133 165 114 176
66 84 49 117
147 9999 9999 9999
9999 131 3 9999
9999 143 38 69
138 9999 39 9999
46 159 33 130

5 4
85 111 10 80 9
67 143 190 183
9999 68 9999 9999
9999 9999 32 9999
9999 9999 110 139
115 87 9999 79
102 9999 153 82

5 4
120 73 61 73 156
77 125 163 96
9999 9999 122 16
196 9999 181 128
58 9999 158 166
9999 102 9999 9999
95 27 24 107

5 4
126 43 111 127 164
131 180 21 125
155 9999 9999 9999
141 9999 199 81
169 103 9999 199
9999 157 106 28
91 95 35 24

5 4
103 190 153 168 191
42 175 97 35
9999 9999 9999 9999
9999 71 140 37
143 50 9999 120
13 160 154 109
36 48 64 9999

5 4
112 63 21 133 140
61 32 45 76
186 75 56 9999
9999 9999 190 124
9999 9999 9999 162
9999 121 9999 132
72 149 9999 168

5 4
147 91 171 177 156
194 24 36 48
9999 9999 199 9999
187 116 82 9999
190 9999 9999 83
9999 163 64 179
131 148 9999 53

5 4
80 15 95 78 91
22 133 46 55
175 155 9999 9999
77 9999 102 45
188 63 198 37
9999 9999 9999 106
9999 34 95 135

5 4
163 174 143 104 166
196 166 32 50
151 37 9999 9999
9999 9999 61 9999
9999 9999 75 177
105 61 9999 93
164 9999 16 9999

5 4
65 67 180 160 16
54 26 85 198
46 9999 9999 23
156 9999 9999 139
78 72 111 65
9999 78 36 9999
88 12 198 9999

5 4
15 11 156 187 19
172 1 89 11
9999 1 9999 165
103 9999 95 9999
24 53 183 23
9999 143 186 182
86 107 107 9999

5 4
76 144 147 45 1
100 102 78 21
9999 14 9999 9999
9999 175 114 9999
15 25 59 173
140 9999 73 9999
115 19 195 74

5 4
25 4 161 80 50
169 134 99 116
31 70 9999 9999
9999 23 9999 122
9999 9999 38 9999
9999 9999 34 151
189 30 178 67

5 4
78 36 172 9 46
22 169 152 64
9999 9999 57 74
185 9999 196 9999
9999 144 110 9999
9999 168 9999 143
32 56 43 159

5 4
76 110 19 40 35
75 105 111 23
41 9999 49 180
9999 18 44 9999
9999 9999 57 9999
89 9999 9999 9999
47 45 9999 101

5 4
79 106 31 146 101
57 24 37 20
36 9999 9999 9999
157 9999 9999 14
9999 103 195 21
9999 133 75 9999
77 147 157 151

5 4
111 60 64 176 102
91 146 83 80
9999 3 9999 122
85 9999 62 9999
9999 44 9999 39
9999 9999 9999 72
114 73 71 9999

5 4
168 166 12 49 169
75 65 180 180
9999 9999 9999 9999
77 163 9999 26
9999 72 9999 130
182 137 131 9999
5 134 52 170

5 4
20 195 12 177 5
134 186 164 29
9999 9999 77 9999
9999 158 9999 183
3 9999 18 153
198 14 9999 9999
72 35 9999 9999

5 4
82 26 121 110 131
12 58 150 182
9999 9999 29 114
116 9999 9999 9999
42 9999 9999 81
9999 78 137 114
70 170 15 158

5 4
127 71 128 123 188
110 140 159 18
9999 9999 9999 136
13 197 177 59
65 9999 130 9999
17 145 41 133
125 175 118 69

5 4
137 188 108 91 48
185 79 106 45
9999 9999 9999 9999
93 9999 195 9999
9999 141 9999 82
105 180 29 168
9999 54 90 108

5 4
191 62 99 4 146
163 197 50 189
144 30 136 9999
9999 9999 107 89
9999 24 171 189
179 179 9999 9999
159 9999 173 9


