4 6
189 113 164 29
40 38 13 86 113 137
143 9999 88 9999 164 9999
192 9999 9999 9999 193 128
143 9999 65 26 9999 110
71 158 44 152 181 111

4 6
197 27 111 146
97 165 36 148 134 84
9999 9999 98 9999 9999 143
9999 9999 9999 122 111 9999
89 96 84 149 48 9999
102 132 9999 9999 9999 118

4 6
46 145 37 191
71 57 55 57 190 92
9999 193 9999 9999 62 195
27 48 190 9999 9999 109
21 9999 56 9999 9 58
113 9999 9999 45 23 9999

4 6
90 47 158 30
114 8 164 67 3 180
9999 110 9999 9999 9999 9999
9999 9999 9999 119 9999 9999
66 65 80 9999 147 128
78 54 33 143 27 131

4 6
30 60 52 117
154 108 150 95 100 167
74 9999 74 139 9999 9999
25 88 9999 81 193 39
85 106 9999 9999 9999 29
107 69 194 107 146 9999

4 6
101 64 131 99
173 94 117 166 70 147
164 9999 165 78 160 175
170 46 9999 9999 81 146
9999 9999 9999 9999 156 90
9999 159 169 95 9999 150

4 6
36 116 136 161
112 64 42 168 142 48
9999 9999 36 9999 9999 9999
9 157 9999 109 1 100
9999 5 9999 71 21 195
12 9999 92 9999 9999 9999

4 6
170 15 76 164
150 151 27 123 150 57
9999 9999 9999 9999 169 9999
9999 170 39 2 116 9999
195 38 106 18 9999 9999
153 9999 9999 154 9999 37

4 6
116 151 22 170
14 156 88 149 7 111
9999 9999 9999 178 9999 9999
12 119 103 171 9999 13
170 141 9999 9999 156 9999
9999 9999 189 9999 26 9999

4 6
17 193 100 110
138 170 177 83 107 49
9999 9999 22 9999 9999 9999
9999 9999 133 9999 9999 9999
5 60 9999 150 9999 140
100 4 9 12 71 16

4 6
3 89 55 34
197 72 84 59 107 47
9999 9999 147 9999 9999 59
96 76 9999 1 9999 44
158 191 74 9999 132 121
9999 9999 122 166 190 123

4 6
55 37 156 27
20 4 64 192 3 127
174 34 9999 9999 9999 100
9999 43 120 9999 191 9999
37 65 9999 182 9999 61
9999 9 78 53 181 197

4 6
179 171 192 31
129 128 181 147 107 177
56 9999 168 9999 9999 112
9999 9999 9999 9999 134 9999
79 171 113 59 9999 9999
134 136 119 29 9999 75

4 6
116 108 123 198
51 53 117 73 143 177
9999 9999 9999 9999 9999 47
185 9999 182 9999 197 9999
87 126 87 170 9999 9999
9999 188 88 9999 92 40

4 6
44 178 197 117
173 72 21 143 68 116
23 9999 44 9999 40 9999
9999 9999 26 164 111 9999
9999 23 9999 74 110 9999
12 74 119 28 9999 168

4 6
141 122 115 139
100 31 51 168 110 10
112 95 9999 55 21 9999
9999 92 139 15 9999 71
46 9999 9999 9999 102 9999
176 47 173 54 189 127

4 6
187 98 163 65
61 117 71 30 17 27
9999 9999 2 9999 9999 41
9999 9999 9999 139 186 9999
162 103 91 135 145 4
194 160 87 20 152 161

4 6
117 174 138 153
56 187 117 172 36 20
9999 9999 19 153 9999 9999
120 71 191 9999 80 176
143 27 9999 89 9 9999
77 59 53 9999 9999 151

4 6
74 98 178 138
69 158 143 56 78 138
157 49 9999 9999 9999 9999
9999 9999 9999 9999 9999 9999
103 25 117 99 137 51
9999 9999 9999 21 43 174

4 6
30 50 117 98
74 97 37 94 182 94
9999 9999 45 9999 152 100
9999 169 9999 93 9999 9999
183 95 9999 9999 172 9999
9999 131 193 3 9999 148

4 6
91 139 29 170
174 169 127 57 103 170
9999 9999 9999 9999 101 9999
9999 9999 9999 9999 70 9999
163 49 67 183 124 174
158 80 71 166 9999 50

4 6
139 132 55 54
76 14 12 53 27 141
60 9999 9999 9999 9999 9999
9999 63 198 60 9999 150
111 59 9999 46 97 9999
194 192 144 9999 63 27

4 6
186 168 51 165
111 151 14 133 15 140
9999 9999 9999 186 63 79
9999 10 120 9999 9999 182
130 25 140 97 22 9999
162 9999 9999 91 73 9999

4 6
2 80 16 58
198 189 171 4 190 82
9999 171 9999 9999 9999 9999
174 9999 8 9999 189 9999
190 9999 80 124 55 171
129 188 122 109 133 80

4 6
165 61 37 138
105 60 106 8 181 13
9999 168 189 5 9999 9999
30 9999 81 9999 136 9999
9999 179 9999 9999 149 193
137 9999 30 185 9999 171

4 6
126 174 104 157
64 51 87 72 137 18
9999 9999 160 9999 9999 9999
9999 120 9999 142 154 28
35 82 138 36 86 121
199 81 136 9999 9999 9999

4 6
117 10 148 179
129 191 10 1 81 54
99 166 9999 150 9999 9999
193 169 173 9999 9999 108
105 9999 62 9999 32 116
82 192 9999 9999 9999 28

4 6
184 3 167 97
108 63 104 73 18 11
36 9999 175 99 9999 144
9999 50 9999 9 9999 9999
165 9999 73 60 9999 26
9999 51 67 63 22 8

4 6
150 15 33 73
169 192 32 82 63 197
9999 88 9999 167 9999 9999
23 9999 9999 57 186 147
42 9999 51 9999 20 9999
9999 178 182 46 13 115

4 6
32 68 120 172
20 162 49 64 86 123
9999 147 9999 177 56 9999
9999 112 52 9999 9999 48
119 9999 150 56 36 9999
143 184 175 9999 9999 134

4 6
37 172 37 53
57 160 140 67 2 30
59 9999 9999 66 9999 9999
9999 42 9999 70 146 9999
68 9999 83 9999 9999 159
158 18 80 10 195 9999

4 6
41 65 130 104
43 133 62 64 131 85
42 9999 9999 9999 9999 9999
9999 58 102 8 9999 9999
9999 76 180 9999 9999 9999
181 131 135 9999 99 11

4 6
181 165 32 12
53 26 153 8 57 193
9999 146 9999 195 159 6
134 69 54 143 9999 126
9999 9999 135 9999 38 5
84 132 7 23 127 108

4 6
36 143 94 35
28 101 103 2 69 90
9999 44 9999 155 9999 58
168 9999 96 9999 9999 9999
9999 155 175 38 149 172
186 184 93 9999 4 9999

4 6
149 167 68 170
186 110 149 178 93 112
91 70 9999 9999 96 9999
9999 9999 174 9999 160 9999
96 9999 87 145 9999 61
162 9999 104 9999 9999 115

4 6
94 93 135 180
197 50 157 105 129 62
9999 30 9999 9999 149 136
9999 178 9999 9999 9999 148
9999 9999 84 68 9999 9999
44 94 89 53 9999 9999

4 6
91 167 1 14
37 43 52 84 40 29
9999 9999 81 9999 116 9999
197 187 3 42 167 181
9999 85 9999 136 9999 195
192 9999 47 71 147 35

4 6
22 16 192 94
177 16 61 185 158 57
90 9999 9999 9999 110 9999
8 126 138 9999 9999 132
9999 9999 9999 99 9999 112
70 32 9999 133 9999 128

4 6
60 137 47 171
53 26 184 53 183 60
9999 179 9999 9999 136 9999
72 9999 50 9999 9999 9999
64 124 192 187 115 113
52 9999 30 100 53 179

4 6
163 71 31 67
159 132 24 22 64 104
9999 173 9999 9999 9999 73
161 9999 93 26 170 44
6 158 74 81 153 1
90 9999 26 169 9999 9999

4 6
186 189 127 34
49 148 166 108 126 112
187 9999 9999 9999 61 13
115 35 164 25 9999 38
9999 9999 156 188 9999 9999
172 14 5 52 9999 20

4 6
160 91 166 159
178 132 48 119 131 99
44 9999 9999 9999 9999 51
113 89 150 162 88 9999
99 9999 9999 9999 130 141
78 56 9999 37 9999 9999

4 6
181 107 123 91
151 13 163 63 5 80
9999 49 9999 9999 147 88
127 189 79 9999 9999 9999
21 9999 190 96 9999 73
151 18 9999 93 9999 9999

4 6
119 26 114 136
21 160 30 51 193 31
9999 9999 9999 83 141 109
34 9999 134 183 82 22
24 155 121 9999 82 58
182 93 9999 163 9999 9999

4 6
56 157 125 1
120 17 92 121 196 64
9999 9999 9999 9999 9999 9999
172 165 9999 110 84 9999
9999 9999 132 9999 114 99
28 30 73 146 184 153

4 6
178 190 88 67
73 31 131 150 185 22
9999 9999 193 9999 9999 9999
20 9999 131 9999 9999 9999
178 20 14 104 87 86
9999 9999 9999 9999 87 122

4 6
107 32 23 24
164 144 176 151 8 58
9999 70 9999 9999 9999 9999
29 9999 96 125 9999 9999
9999 71 100 199 144 197
50 84 9999 9999 2 44

4 6
65 23 159 110
186 134 39 154 142 140
9999 9999 9999 164 49 9999
187 188 27 170 9999 9999
147 9999 197 74 93 72
2 191 9999 9999 64 126

4 6
127 100 183 13
116 135 115 106 84 49
9999 91 9999 9999 9999 180
82 9999 9999 11 183 9999
190 45 166 180 9999 13
109 9999 190 9999 9999 172

4 6
103 18 142 41
187 173 12 81 154 191
175 95 9999 73 9999 9999
9999 9999 59 9999 69 9999
9999 159 32 41 85 9999
146 9999 9999 128 187 194

4 6
19 105 112 45
34 141 99 156 145 52
140 45 9999 9999 9999 9999
17 9999 171 9999 46 140
105 49 177 9999 156 49
9999 9999 187 148 44 9999

4 6
65 61 25 33
199 46 191 107 11 77
9999 9999 126 9999 9999 15
9999 179 9999 33 9999 9999
81 9999 18 122 58 9999
50 9999 9999 35 9999 81

4 6
163 24 193 97
83 193 59 184 77 42
9999 174 142 96 9999 60
53 39 188 9999 62 9999
9999 133 9999 9999 3 9999
187 9999 192 9999 73 186

4 6
168 1 22 149
45 174 123 13 170 40
9999 84 9999 9999 9999 46
9999 9999 158 113 9999 9999
109 166 9999 9999 124 79
105 189 114 9999 116 9999

4 6
37 26 80 102
19 44 2 101 92 12
102 9999 168 24 9999 9999
118 9999 9999 9999 183 27
126 139 9999 9999 9999 113
9999 110 199 9999 175 9999

4 6
146 79 169 196
78 43 43 76 96 135
68 9999 9999 9999 9999 9999
9999 19 16 34 13 152
9999 9999 188 9999 9999 12
94 9 108 168 9999 68

4 6
111 45 26 183
34 31 17 73 39 102
89 9999 59 9999 9999 9999
161 7 9999 9999 103 9999
9999 9999 113 9999 9999 9999
9999 197 172 37 140 128

4 6
9 46 151 188
91 131 127 152 97 158
9999 128 9999 9999 76 9999
102 9999 23 9999 9999 120
20 9999 172 69 9999 9999
9999 199 158 69 9999 115

4 6
112 146 49 106
112 80 198 48 198 176
9999 14 9999 9999 9999 9999
17 9999 99 43 94 9999
20 70 9999 9999 42 195
9999 9999 173 145 128 9999

4 6
63 1 195 174
176 16 70 134 163 4
9999 9999 9999 21 35 80
124 9999 101 9999 9999 193
9999 88 9999 9999 9999 9999
163 92 159 53 100 9999

4 6
49 124 189 41
59 38 199 139 28 66
9999 60 9999 9999 9999 9999
9999 9999 158 20 1 9999
114 79 9999 182 150 9999
57 9999 152 156 135 151

4 6
181 67 168 126
124 63 109 177 42 85
9999 94 9999 9999 94 26
140 9999 75 136 9999 9999
113 9999 9999 97 133 106
9999 176 9999 130 9999 136

4 6
14 164 12 179
5 6 17 92 23 11
189 111 9999 9999 9999 120
9999 9999 36 170 197 9999
9999 9999 9999 94 9999 9999
2 52 194 65 9999 70

4 6
86 105 66 127
174 6 127 197 167 177
48 189 9999 136 9999 82
9999 9999 98 20 103 70
9999 162 85 62 9999 9999
163 137 9999 9999 23 141

4 6
48 79 199 133
30 27 124 183 70 183
9999 9999 9999 132 119 9999
9999 9999 9999 35 184 186
91 52 133 20 9999 9999
127 182 181 9999 9999 45

4 6
177 88 42 39
56 182 12 28 138 30
9999 9999 72 34 9999 35
9999 108 9999 9999 9999 9999
95 9999 172 54 11 102
69 9999 197 188 40 9999

4 6
103 79 124 176
88 91 98 166 49 65
9999 9999 134 100 9999 9999
9999 191 9999 9999 9999 177
149 9999 121 9999 153 9999
85 9999 42 96 64 31

4 6
116 143 163 92
36 51 99 26 81 17
9999 9999 9999 9999 174 34
9999 9999 18 54 120 9999
9999 92 166 65 9999 198
112 185 130 171 9999 9999

4 6
132 16 47 97
27 64 199 96 191 161
29 9999 9999 9999 9999 9999
9999 9999 151 143 9999 9999
33 80 198 9999 178 95
159 29 9999 69 80 110

4 6
69 136 126 76
89 187 159 142 28 84
9999 168 9999 9999 9999 9999
70 128 118 27 105 9999
9999 63 111 140 126 114
3 9999 9999 14 11 89

4 6
62 187 139 117
190 40 156 139 192 150
34 83 44 79 9999 9999
9999 166 9999 9999 9999 9999
58 9999 83 9999 167 75
195 36 34 14 142 138

4 6
102 108 175 123
130 157 73 7 33 143
68 110 111 9999 9999 57
9999 25 17 50 110 170
43 22 117 4 3 66
9999 9999 9999 136 9999 16

4 6
125 157 129 117
21 18 186 7 51 176
9999 190 9999 9999 27 9999
9999 70 9999 39 9999 13
13 9999 120 92 86 9999
139 9999 68 145 134 9999

4 6
90 92 189 2
24 139 154 129 162 163
9999 9999 9999 1 9999 9999
148 9999 9999 60 9999 21
9999 9999 9999 32 9999 57
75 121 66 9999 149 9999

4 6
91 153 12 137
124 129 95 129 30 87
9999 4 9999 9999 120 9999
7 164 9999 21 91 42
9999 9999 142 15 9999 9999
134 9999 99 86 179 138

4 6
103 192 23 158
3 192 28 4 158 151
9999 9999 9999 9999 9999 9999
6 9999 3 9999 72 95
28 154 9999 9999 24 9999
164 46 9999 138 66 9999

4 6
176 130 9 165
1 165 64 77 82 142
9999 9999 10 20 9999 9999
9999 73 104 44 9999 9999
9999 9999 9999 9999 58 81
172 121 9999 59 95 198

4 6
161 73 90 153
55 88 101 98 161 8
102 100 12 9999 32 9999
137 9999 9999 191 9999 13
154 9999 9999 9999 8 9999
47 104 135 170 93 9999

4 6
90 72 136 85
147 195 116 157 127 51
191 163 9999 82 95 9999
177 9999 29 9999 9999 9999
9999 189 9999 66 9999 75
138 149 9999 120 157 137

4 6
13 181 133 55
34 48 9 6 87 197
186 193 9999 9999 167 9999
9999 192 9 153 9999 9999
119 9999 56 66 9999 18
124 9999 171 9999 93 134

4 6
72 45 195 178
77 29 110 72 29 122
9999 9999 158 7 28 134
55 9999 9999 9999 90 9999
169 133 1 9999 64 107
9999 35 9999 9999 169 9999

4 6
135 47 82 148
144 138 108 11 11 76
47 9999 180 9999 110 9999
97 9999 9999 86 9999 9999
17 83 9999 9999 9999 59
9999 86 182 109 139 9999

4 6
128 111 59 58
103 159 174 178 128 189
9999 197 9999 9999 9999 9999
9999 162 9999 9999 114 120
35 9999 52 21 8 3
164 9999 50 73 81 116

4 6
15 88 44 120
102 26 163 1 199 170
9999 9999 9999 9999 79 9999
135 121 9999 9999 9999 9999
9999 95 103 9999 25 95
152 9999 180 170 9999 133

4 6
49 61 156 152
103 76 85 110 111 27
9999 9999 86 9999 9999 184
87 179 180 136 6 9999
2 9999 9999 26 24 9999
14 9999 174 9999 9999 151

4 6
193 160 140 166
197 13 73 138 52 26
2 9999 96 9999 127 9999
145 9999 9999 141 9999 133
9999 39 73 181 9999 189
190 133 9999 9999 29 9999

4 6
48 8 38 55
162 99 183 95 3 29
25 9999 9999 9999 9999 193
4 10 49 5 9999 9999
46 3 10 9999 183 9999
33 16 160 143 189 38

4 6
112 24 192 157
131 40 185 36 60 182
10 148 9999 9999 9999 9999
9999 9999 9999 188 9999 52
9999 146 123 97 9999 188
68 9999 130 9999 119 103

4 6
183 89 155 52
98 96 138 114 94 12
106 77 9999 9999 9999 9999
9999 9999 83 9999 191 79
9999 129 67 141 15 100
78 9999 9999 153 29 9999

4 6
65 119 125 146
38 70 5 160 27 11
163 184 9999 18 95 187
189 126 38 9999 9999 3
9999 9999 9999 60 84 78
178 54 9999 9999 21 12

4 6
135 104 120 58
175 80 167 134 128 27
9999 9999 9999 9999 12 9999
9999 9999 9999 174 9999 198
119 101 9999 52 9999 174
121 9999 131 167 9999 197

4 6
131 35 103 107
60 98 110 156 72 8
9999 79 118 174 161 9999
9999 2 84 9999 160 77
85 9999 9999 5 9999 102
93 9999 37 8 9999 9999

4 6
70 65 164 128
40 12 150 154 80 64
9999 9999 124 9999 9999 9999
143 77 9999 28 118 149
196 9999 33 151 99 9999
9999 114 82 9999 9999 125

4 6
69 199 184 126
174 64 141 185 53 62
101 102 112 9999 19 173
29 9999 111 47 167 145
9999 9999 9999 85 9999 118
9999 126 9999 123 120 187

4 6
71 10 125 137
181 169 64 148 194 9
20 9999 9999 56 9999 186
9999 9999 16 9999 118 9999
89 9999 9999 129 9999 2
105 174 150 9999 144 173

4 6
56 173 70 12
57 172 11 92 96 4
9999 9999 20 130 99 9999
111 114 115 103 9999 102
9999 128 9999 127 29 4
146 9999 15 9999 9999 9999

4 6
34 28 173 85
125 132 196 124 63 109
9999 9999 149 61 9999 9999
101 9999 9999 9999 9999 40
9999 61 9999 97 93 127
9999 20 9999 43 9999 36

4 6
180 6 109 49
84 26 143 29 12 2
45 45 9999 9999 9999 9999
181 9999 186 9999 33 90
9999 189 76 71 143 90
160 14 9999 90 35 9999

4 6
15 189 125 42
28 187 78 26 101 187
61 9999 34 9999 9999 54
9999 79 9999 9999 9999 9999
21 9999 9999 137 8 168
121 51 23 9999 9999 9999

4 6
56 92 196 6
176 185 60 117 166 80
9999 9999 44 186 126 9999
184 9 9999 9999 127 9999
110 100 127 58 9999 43
92 189 126 9 44 56


