4 7
160 49 160 26
146 62 115 89 14 76 60
9999 94 9999 9999 9999 133 9999
9999 2 23 84 137 9999 125
148 8 9999 142 85 76 33
9999 9999 10 131 10 119 86

4 7
193 48 165 97
186 114 127 115 21 26 19
9999 9999 9999 39 81 9999 9999
9999 29 9999 9999 9999 66 9999
191 9999 41 9999 3 9999 75
46 129 9999 132 105 192 21

4 7
183 68 39 52
39 135 22 53 148 80 162
9999 117 9999 81 174 9999 9999
155 9999 198 38 9999 150 193
9999 9999 160 20 84 102 9999
134 129 112 5 176 13 148

4 7
60 194 154 178
157 187 48 109 195 56 110
190 9999 9999 9999 9999 9999 9999
72 129 6 23 180 185 32
9999 124 9999 161 147 9999 9999
79 105 150 75 124 56 95

4 7
184 6 21 46
163 21 82 66 137 56 36
32 142 115 156 9999 132 9999
138 9999 9999 61 26 9999 9999
9999 9999 162 9999 9999 85 92
181 9999 9999 9999 116 9999 32

4 7
87 70 63 38
16 157 76 132 181 17 114
9999 34 190 9999 77 9999 9999
9999 9999 130 9999 197 9999 9999
75 9999 27 33 9999 59 116
121 47 21 75 118 9999 56

4 7
177 17 179 194
127 72 24 170 26 105 97
9999 154 19 165 9999 9999 9999
93 6 9999 9999 143 9 172
13 9999 142 36 182 94 186
9999 187 38 27 51 15 146

4 7
152 77 109 133
159 107 23 105 73 127 93
23 105 9999 139 9999 18 9999
163 30 25 74 154 9999 134
63 176 90 50 9 155 9999
9999 9999 9999 9999 118 9999 197

4 7
123 40 2 172
76 1 193 79 28 193 9
9999 9999 9999 33 145 9999 123
62 141 9999 89 9999 193 9999
9999 9999 135 80 9999 9999 50
98 10 111 96 67 150 9999

4 7
90 90 81 62
115 154 113 93 174 35 83
149 4 9999 9999 134 173 9999
9999 9999 143 158 21 9999 9999
9999 152 193 9999 9999 199 9999
9999 9999 9999 9999 9999 14 199

4 7
139 156 112 130
59 26 85 68 9 181 84
9999 9999 9999 147 27 2 9999
9999 9999 9999 9999 9999 9999 9999
9999 115 128 158 104 9999 31
61 28 29 53 10 115 160

4 7
120 199 174 33
144 84 191 110 107 73 158
9999 9999 108 9999 143 181 9999
71 44 4 9999 15 152 9999
9999 76 9999 9999 9999 9999 69
136 20 9999 135 23 9999 34

4 7
62 143 161 173
137 113 126 159 157 97 20
9999 81 9999 98 9999 81 29
9999 9999 9999 9999 9999 160 9999
78 9999 6 9999 9999 9999 96
155 151 55 85 147 7 8

4 7
145 124 106 142
1 41 154 78 88 186 126
46 9999 9999 9999 37 9999 69
9999 39 193 9999 9999 185 9999
163 104 10 172 155 9999 165
9999 28 9999 154 55 9999 9999

4 7
6 132 157 76
144 139 73 159 91 192 95
9999 9999 9999 9999 66 9999 9999
26 98 170 33 9999 145 102
9999 9999 9999 15 9999 91 9999
9999 73 36 107 17 9999 191

4 7
31 157 104 9
125 101 162 49 74 83 56
9999 40 9999 9999 9999 9999 149
9999 9999 105 42 9999 9999 9999
133 3 9999 4 137 31 59
9999 108 81 159 177 27 9999

4 7
53 119 97 96
30 20 9 4 4 76 75
9999 9999 9999 9999 9999 9999 9999
5 57 9999 190 18 9999 9999
48 143 35 9999 26 186 9999
82 9999 66 155 9999 109 76

4 7
74 89 113 13
5 157 10 97 21 67 168
9999 129 9999 9999 62 9999 190
141 9999 51 37 9999 148 9999
9999 51 199 137 69 64 178
194 180 46 70 171 173 9999

4 7
63 159 26 159
126 109 132 64 51 46 66
9999 9999 9999 9999 124 140 69
145 9999 192 142 37 150 9999
9999 9999 9999 176 91 68 85
9999 32 148 9999 6 132 122

4 7
117 67 196 97
18 190 199 170 136 56 13
9999 163 9999 9999 9999 9999 127
145 101 144 104 9999 9999 141
9999 111 18 9999 142 9999 101
188 9999 54 173 49 43 152

4 7
54 85 28 77
80 117 137 111 180 31 162
16 9999 41 130 124 31 9999
96 113 152 9999 182 165 9999
9999 9999 9999 134 147 37 159
44 73 9999 9999 9999 145 134

4 7
136 31 52 114
66 116 154 173 64 138 30
9999 9999 9999 9999 9999 84 9999
22 9999 106 9999 9999 31 9999
9999 9999 189 137 9999 167 9999
173 30 9999 98 84 9999 135

4 7
191 72 161 167
173 104 1 131 130 143 198
9999 9999 9999 190 9999 9999 196
9999 9999 154 9999 100 5 182
54 9999 146 9999 136 188 9999
9999 31 183 176 57 9999 199

4 7
117 67 185 150
16 145 91 112 128 78 156
9999 9999 125 9999 9999 24 64
176 44 81 153 9999 9999 9999
9999 85 141 9999 95 65 9999
20 9999 190 173 67 125 71

4 7
195 129 60 136
177 104 11 129 71 131 75
199 198 9999 106 65 77 9999
163 135 9999 7 133 9999 170
9999 164 108 9999 9999 176 112
186 9999 177 103 9999 180 9999

4 7
7 161 114 34
44 191 138 166 168 115 180
9999 84 64 9999 194 9999 9999
145 99 9999 190 143 152 96
78 195 161 9999 9999 9999 9999
51 161 9999 170 2 166 88

4 7
36 138 85 100
151 103 79 33 31 76 21
8 9999 74 198 23 9999 9999
9999 194 9999 9999 156 9999 72
9999 42 9999 95 61 198 9999
9999 152 128 9999 9999 21 9999

4 7
100 180 103 136
130 111 197 128 100 29 120
9999 55 89 9999 9999 9999 9999
9999 31 9999 195 139 33 25
177 5 96 61 9999 122 106
8 13 121 9999 171 9999 28

4 7
105 4 159 155
44 85 31 90 54 97 159
9999 101 9999 172 79 98 9999
128 9999 9999 170 128 9999 139
14 140 129 129 124 167 100
112 22 9999 9999 9999 181 105

4 7
70 166 123 144
112 152 72 143 175 52 95
7 25 169 9999 9999 184 9999
9999 9999 57 9999 9999 9999 9999
9999 9999 9999 122 134 9999 173
98 94 52 9999 9999 121 169

4 7
56 77 72 144
144 178 116 26 121 159 159
9999 91 9999 9999 161 6 110
103 134 9999 110 9999 191 9999
35 9999 111 9999 98 9999 102
152 66 9999 72 10 1 191

4 7
89 14 120 37
100 27 108 183 190 2 120
162 9999 130 12 174 155 41
9999 9999 9999 42 128 166 9
9999 37 66 9999 9999 123 9999
121 185 143 113 59 22 137

4 7
41 39 83 40
16 136 54 66 179 33 73
9999 52 9999 9999 9999 9999 9999
9999 9999 9999 9999 106 147 196
105 186 180 71 9999 11 80
175 188 198 39 9999 19 90

4 7
15 94 85 150
67 42 166 49 38 67 25
169 185 9999 9999 9999 9999 7
170 195 56 9999 9999 9999 9999
105 143 9999 147 9999 119 116
192 53 155 169 193 191 9999

4 7
33 184 171 65
90 139 176 59 26 144 89
9999 138 9999 9999 9999 124 102
9999 17 124 9999 86 9999 9999
34 9999 9999 163 58 148 122
22 9999 111 156 40 197 71

4 7
54 23 99 71
47 53 71 160 189 12 136
130 187 9999 9999 9999 67 159
56 9999 84 158 9999 116 51
9999 9999 9999 175 40 63 9999
9999 96 54 9999 150 9999 30

4 7
69 90 2 133
113 36 50 64 151 27 86
9999 9999 9999 9999 99 9999 9999
9999 9999 109 9999 95 9999 95
9999 74 9999 182 9999 9999 9999
132 29 9999 9999 15 164 58

4 7
38 157 56 26
110 67 136 77 176 3 107
9999 42 9999 9999 61 9999 103
52 29 57 9999 9999 37 9999
9999 188 186 104 9999 153 91
140 9999 94 27 189 9999 9999

4 7
135 82 58 70
189 71 20 54 81 8 45
9999 9999 9999 9999 9999 9999 65
9999 9999 75 9999 62 8 149
96 34 9999 128 36 72 87
36 49 79 9999 142 9999 48

4 7
136 146 16 153
65 133 79 34 101 171 177
9999 32 138 9 9999 9999 143
91 174 9999 9999 124 9999 84
9999 9999 199 9999 9999 15 89
170 174 9999 29 53 122 9999

4 7
137 192 191 194
86 113 109 8 95 52 185
29 166 101 9999 9999 9999 32
199 9999 9999 52 72 9999 158
9999 9999 112 53 9999 84 105
9999 9 9999 50 17 69 52

4 7
39 18 61 128
49 195 131 85 161 163 143
144 24 9999 183 9999 9999 9999
9999 9999 68 9999 68 65 199
195 66 34 9999 9999 53 16
9999 59 167 171 9999 9999 168

4 7
152 87 169 154
68 184 75 60 154 47 107
9999 9999 9999 9999 57 9999 77
116 9999 43 187 9999 9999 109
171 9999 169 187 147 107 9999
176 13 9999 196 63 197 9999

4 7
146 6 69 152
130 38 14 192 184 170 19
9999 28 9999 103 9999 9999 9999
9999 9999 9999 9999 189 9999 178
9999 80 9999 165 152 136 84
13 196 58 33 29 54 9999

4 7
107 164 35 42
139 6 194 102 121 138 175
9999 9999 9999 154 9999 6 9999
9999 84 9999 9999 69 9999 50
114 81 104 125 9999 9999 62
103 57 44 9999 48 54 195

4 7
196 175 120 41
145 15 26 13 12 101 58
9999 9999 9999 172 9999 166 9999
9999 64 74 9999 110 103 145
91 8 42 110 9999 9999 139
9999 140 59 9999 180 9999 9999

4 7
95 29 142 171
27 42 26 129 133 54 73
186 32 56 9999 9999 9999 9999
164 99 9999 150 9999 72 9999
9999 9999 9999 9999 185 109 9999
57 9999 175 83 9999 27 33

4 7
169 96 10 34
90 104 51 112 32 15 189
9999 9999 9999 115 9999 9999 123
54 132 78 9999 102 131 116
32 9999 110 9999 9999 42 49
116 108 70 153 96 9999 2

4 7
21 191 94 149
37 119 46 80 97 93 185
9999 9999 9999 92 100 93 9999
9999 81 42 19 9999 9999 9999
9999 9999 169 9999 140 91 153
12 179 146 9999 197 9999 9999

4 7
91 24 106 50
99 179 72 123 98 84 57
180 9999 9999 67 9999 9999 19
9999 35 42 9999 9999 29 9999
125 9999 12 9999 71 9999 9999
25 9999 161 35 79 93 9999

4 7
96 196 110 68
177 154 164 182 125 181 199
9999 51 9999 9999 9999 88 21
96 159 9999 9999 9999 9999 9999
59 9999 74 150 37 54 4
187 198 158 68 3 9999 35

4 7
154 164 97 159
103 129 10 58 35 115 179
100 142 9999 9999 17 9999 155
88 37 2 109 9999 9999 9999
131 9999 9999 174 197 162 143
9999 132 50 128 98 194 110

4 7
173 55 66 7
28 161 90 32 139 136 18
174 9999 90 9999 156 9999 141
9999 9999 9999 5 9999 2 39
170 1 83 9999 9999 9999 106
158 86 142 9999 35 9999 9999

4 7
142 69 35 116
152 186 61 61 6 147 159
9999 9999 149 97 46 9999 9999
9999 146 9999 117 9999 56 146
9999 39 120 9999 9999 9999 67
157 9999 22 9999 93 150 128

4 7
137 144 77 135
125 193 144 3 34 23 35
81 77 9999 9999 157 78 9999
9999 9999 151 197 9999 9999 56
85 9999 9999 61 12 9999 154
107 149 140 9999 48 99 9999

4 7
137 100 150 59
162 9 20 14 2 162 158
9999 9999 9999 9999 9999 197 164
43 17 9999 9999 9999 9999 9999
97 92 165 119 107 9999 189
143 98 70 68 124 81 138

4 7
76 92 69 96
191 26 105 165 78 16 50
9999 9999 98 9999 172 9999 87
64 29 9999 39 9999 198 128
9999 194 134 68 86 75 78
198 179 153 190 32 4 9999

4 7
141 40 190 183
171 80 105 162 47 105 176
9999 178 9999 13 9999 30 9999
9999 127 9999 4 31 76 139
183 35 168 128 189 22 173
75 183 168 9999 9999 9999 109

4 7
119 10 57 96
65 110 71 91 98 27 125
9999 9999 9999 9999 9999 9999 103
9999 29 116 186 164 59 9999
33 9999 9999 99 9999 130 26
90 129 29 177 33 49 57

4 7
197 158 117 53
97 145 51 81 62 172 40
9999 9999 123 9999 9999 86 83
161 158 11 23 103 9999 16
9999 178 9999 152 9999 26 9999
169 149 122 28 9999 105 12

4 7
172 97 6 165
48 90 142 195 99 130 24
9999 75 9999 9999 9999 9999 113
9999 193 9999 143 188 125 9999
28 9999 132 6 9999 119 9999
68 9999 88 106 9999 9999 182

4 7
74 90 158 13
180 29 162 75 32 154 49
9999 9999 9999 9999 9999 9999 187
9999 130 55 9999 71 28 9999
9999 119 9999 173 95 9999 9999
106 9999 44 98 48 1 35

4 7
12 58 195 100
155 77 84 110 158 118 138
161 181 9999 100 9999 9999 9999
9999 9999 9999 69 89 96 34
183 48 84 9999 133 108 184
9999 9999 77 154 9999 82 82

4 7
195 196 179 137
31 169 175 113 6 27 134
9999 9999 9999 74 9999 9999 9999
71 194 171 9999 9999 5 96
9999 9999 2 91 141 129 9999
93 178 65 132 9999 139 61

4 7
88 129 41 82
198 62 103 92 102 167 43
150 9999 39 172 99 9999 9999
9999 9999 175 38 9999 34 9999
69 138 9999 9999 166 9999 186
9999 9999 47 44 9 82 9999

4 7
94 102 90 123
193 14 93 63 52 156 197
9999 9999 9999 9999 137 142 112
158 9999 160 9999 97 20 62
76 19 9999 9999 31 9999 9999
9999 10 75 184 9999 9999 87

4 7
194 88 155 80
91 155 14 96 71 91 163
125 9999 142 9999 186 9999 153
9999 92 9999 9999 9999 19 113
40 90 176 9999 100 9999 9999
9999 9999 9 108 13 151 83

4 7
158 11 29 4
168 189 18 147 177 163 74
158 118 122 9999 9999 9999 171
133 138 175 9999 9999 9999 9999
9999 9999 9999 100 45 130 89
19 121 66 36 155 4 110

4 7
94 131 188 175
71 181 130 163 134 62 50
33 9999 31 9999 199 9999 88
119 9999 9999 76 9999 68 66
169 9999 76 10 69 180 59
174 67 66 163 9999 9999 9999

4 7
25 182 157 158
90 46 48 154 142 20 95
102 165 9999 152 22 9999 9999
9999 128 173 9999 65 9999 74
118 9999 64 193 111 117 9999
9999 9999 113 97 20 69 183

4 7
72 79 98 128
53 115 196 117 5 124 154
9999 9999 9999 9999 9999 9999 9999
11 95 2 87 29 30 9999
194 184 9999 28 9999 129 9999
187 9999 9999 175 116 9999 8

4 7
150 135 34 22
115 175 97 103 97 116 25
174 9999 9999 75 79 14 9999
9999 101 152 114 64 198 133
138 34 41 9999 9999 9999 9999
3 104 138 9999 9999 79 15

4 7
155 96 24 85
29 102 133 96 177 141 125
9999 13 96 149 25 9999 175
25 9999 152 9999 9999 9999 157
117 196 9999 9999 159 43 163
75 104 9999 166 15 52 9999

4 7
62 177 13 36
87 116 148 104 91 123 184
138 64 9999 157 9999 188 9999
9999 13 16 12 4 9999 141
112 55 17 9999 70 116 9999
132 9999 120 9999 9999 183 69

4 7
3 22 25 133
75 93 192 84 199 67 151
9999 131 154 70 9999 9999 9999
9999 86 9999 9999 37 9999 9999
188 45 9999 23 131 74 148
101 4 155 9999 177 1 9999

4 7
110 121 71 87
21 126 83 66 30 43 24
191 154 9999 79 9999 94 20
9999 9999 123 170 180 137 9999
9999 159 75 9999 9999 61 9999
154 9999 9999 9999 136 126 9999

4 7
157 73 177 88
120 9 178 149 122 49 41
138 126 117 9999 23 79 9999
9999 133 9999 55 47 9999 9999
12 9999 102 162 9999 135 29
14 9999 9999 42 155 9999 157

4 7
109 137 65 69
160 78 91 138 161 193 179
9999 2 54 9999 74 9999 168
9999 30 9999 190 9999 186 9999
39 122 9999 177 79 18 9999
39 9999 86 9999 9999 147 11

4 7
53 123 69 187
62 152 74 32 127 79 122
198 87 1 9999 9999 78 9999
9999 9999 101 96 9999 9999 29
67 9999 66 91 62 115 9999
9999 54 9999 140 16 64 45

4 7
11 198 151 198
72 169 169 5 20 76 154
133 128 9999 9999 9999 9999 29
152 9999 176 74 9999 172 9999
26 9999 40 9999 67 63 165
156 38 13 28 119 138 9

4 7
150 59 59 131
94 26 149 135 116 40 2
67 9999 122 12 9999 9999 9999
9999 9999 108 9999 35 35 115
39 64 187 32 96 9999 9999
9999 9999 9999 9999 121 46 22

4 7
10 76 166 105
8 155 162 117 153 176 143
102 9999 151 115 31 9999 135
9999 9999 9999 9999 53 31 51
1 102 128 9999 9999 9999 9999
186 18 131 9999 9999 184 22

4 7
137 148 29 130
178 24 21 79 138 117 70
9999 9999 9999 9999 122 58 163
78 171 100 119 9999 45 9999
9999 9999 11 9999 9999 12 9999
151 54 9999 51 42 194 61

4 7
93 143 190 103
130 17 147 48 56 38 106
13 9999 9999 60 9999 9999 9999
9999 134 9999 9999 90 180 125
21 9999 160 103 194 131 100
68 9999 28 167 9999 9999 59

4 7
158 12 2 20
56 154 91 122 39 33 149
9999 9999 9999 9999 9999 149 106
157 71 9999 10 93 9999 9999
105 9999 69 9999 154 16 9999
10 21 10 195 9999 127 67

4 7
112 37 145 128
111 59 149 94 42 89 173
143 9999 9999 115 9999 9999 9999
64 9999 116 134 13 193 10
54 15 49 114 37 9999 69
9999 141 9999 9999 160 9999 9999

4 7
197 29 75 199
18 105 126 67 103 137 71
9999 9999 9999 9999 171 9999 9999
9999 9999 9999 49 9999 35 9999
9999 72 141 118 9999 172 155
181 45 125 9999 86 113 169

4 7
189 85 106 46
197 142 49 173 38 153 115
9999 9999 9999 86 9999 9999 9999
196 179 9999 147 9999 9999 9999
20 67 173 9999 144 9999 37
9 182 67 96 177 111 183

4 7
167 22 24 101
30 161 155 175 76 175 125
124 9999 9999 133 9999 7 124
9999 80 44 193 53 9999 9999
135 187 9999 9999 83 30 177
63 54 9999 65 9999 32 9999

4 7
42 21 12 20
108 191 139 130 2 167 196
9999 92 50 99 163 9999 121
108 9999 9999 9999 94 63 9999
9999 9999 9999 50 9999 112 49
117 175 127 9999 108 161 61

4 7
48 113 108 170
198 73 21 114 171 11 99
108 9999 9999 9999 9999 19 147
182 69 9999 47 9999 9999 74
82 9999 173 1 9999 9999 9999
159 173 21 140 30 9999 9999

4 7
114 48 168 8
72 4 32 48 139 36 154
5 155 9999 193 102 9999 152
125 160 163 9999 9999 11 9999
156 9999 183 126 31 9999 87
27 40 182 9999 9999 175 42

4 7
85 160 92 50
127 18 25 136 99 35 128
9999 9999 16 145 157 199 9999
96 162 9999 9999 76 9999 187
63 9999 9999 179 153 66 9999
9999 154 107 121 48 162 9999

4 7
125 179 64 159
87 82 62 76 110 123 130
9999 6 180 191 9999 98 182
9999 9999 107 61 62 23 9999
36 60 9999 9999 119 9999 29
9999 60 22 9999 181 9999 66

4 7
53 41 37 36
191 91 71 167 151 151 99
9999 9999 56 9999 9999 9999 9999
145 9999 9999 9999 194 136 52
95 9999 116 9999 9999 100 30
62 81 137 23 9999 9999 9999

4 7
8 11 76 83
49 142 77 47 18 138 76
9999 9999 9999 9999 109 55 9999
9999 9999 9999 44 9999 171 9999
48 112 157 9999 9999 195 57
140 9999 92 137 37 136 193

4 7
8 185 32 73
179 9 137 121 1 137 112
9999 5 9999 34 9999 9999 86
195 9999 159 21 90 191 76
9999 9999 174 12 9999 40 9999
9999 70 48 9999 66 140 101

4 7
73 52 155 48
183 61 29 94 65 117 112
187 93 9999 9999 9999 9999 9999
9999 58 9999 9999 156 86 12
12 23 94 76 9999 74 9999
68 75 9999 9999 21 91 53

4 7
144 116 24 164
37 22 138 104 5 100 62
113 9999 9999 83 9999 9999 9999
87 39 1 9999 173 114 140
9999 9999 130 124 9999 9999 9999
9999 191 128 82 9999 199 17

4 7
191 73 65 16
133 70 142 19 151 107 188
9999 164 9999 9999 42 115 190
9999 9999 52 176 9999 29 9999
9999 44 15 9999 9999 119 89
60 107 85 3 62 9999 9999

