3 5
21 128 166
33 62 195 103 91
9999 94 9999 9999 9999
9999 9999 9999 116 9999
105 144 45 9999 82

3 5
14 169 11
3 166 119 133 136
9999 9999 9999 9999 9999
88 137 9999 103 45
187 21 61 9999 194

3 5
108 93 22
161 134 60 94 41
9999 9999 9999 9999 9999
131 9999 9999 9999 9999
38 20 75 157 50

3 5
180 195 135
23 16 95 123 63
87 60 9999 9999 9999
2 147 9999 11 134
198 18 154 9999 9999

3 5
151 75 189
89 45 14 188 113
9999 9999 133 9999 106
73 9999 53 9999 9999
49 105 9999 189 63

3 5
46 175 139
82 43 114 142 60
164 9999 9999 9999 18
9999 9999 80 9999 9999
9999 1 182 15 9999

3 5
183 161 173
176 90 89 63 158
9999 86 41 9999 9999
9999 3 9999 179 185
104 109 19 31 9999

3 5
38 84 53
24 175 109 158 180
9999 40 9999 9999 9999
174 29 9999 45 48
28 9999 130 9999 17

3 5
98 189 84
26 21 115 80 168
164 9999 9999 9999 9999
9999 18 9999 11 77
9999 9999 50 9999 21

3 5
53 20 22
81 76 83 176 95
183 9999 9999 9999 3
166 9999 81 160 12
140 98 100 9999 9999

3 5
184 166 155
2 109 163 167 83
9999 131 9999 9999 58
115 188 191 9999 9999
37 114 9999 81 9999

3 5
30 21 25
110 156 169 157 121
9999 9999 9999 9999 9999
93 146 9999 130 9999
172 79 7 9999 60

3 5
37 43 33
156 195 135 165 102
9999 143 162 9999 89
145 18 79 34 72
9999 9999 9999 69 48

3 5
130 119 42
103 72 26 14 160
192 180 53 9999 142
197 68 9999 9999 9999
9999 9999 9999 48 9999

3 5
122 174 166
46 48 141 4 44
9999 93 9999 9999 9999
180 9999 187 9999 123
9999 196 121 65 94

3 5
143 90 29
69 91 52 14 76
9999 155 9999 9999 167
29 9999 105 9999 9999
160 69 138 70 101

3 5
184 127 131
25 4 66 175 71
9999 9999 57 9999 9999
3 46 116 169 72
14 38 9999 91 9999

3 5
160 48 158
104 147 156 166 11
9999 9999 9999 9999 9999
73 40 142 192 9999
62 181 9999 26 8

3 5
16 68 123
112 167 167 105 104
9999 166 9999 182 9999
9999 9999 9999 167 180
26 9999 25 9999 9999

3 5
122 187 130
25 150 49 194 143
9999 124 9999 9999 9999
182 9999 99 43 127
53 9999 111 9999 111

3 5
113 102 100
92 189 109 95 126
9999 9999 9999 9999 99
61 48 159 176 9999
104 199 124 5 120

3 5
56 118 37
53 135 188 81 100
9999 9999 10 9999 190
169 87 167 9999 133
28 16 9999 25 21

3 5
198 171 31
135 192 81 124 107
26 53 9999 9999 9999
6 114 9999 86 52
9999 9999 44 193 9999

3 5
149 24 14
47 118 135 85 6
9999 158 143 60 108
176 9999 9999 9999 9999
80 9999 9999 9999 9999

3 5
152 28 172
35 84 111 92 23
9999 136 9999 9999 157
9999 9999 60 96 114
151 185 194 151 9999

3 5
162 128 3
134 49 137 169 110
145 186 10 9999 9999
9999 42 132 130 76
33 9999 9999 57 167

3 5
120 42 132
91 22 49 197 144
131 25 9999 9999 9999
114 9999 9999 9999 88
9999 75 161 72 9999

3 5
92 41 51
12 196 126 180 180
9999 45 138 9999 7
78 198 9999 9999 5
177 9999 179 191 9999

3 5
51 96 14
113 11 137 9 199
9999 9999 9999 193 100
44 42 163 156 38
23 9999 9999 33 9999

3 5
1 47 114
106 140 52 26 192
48 9999 62 1 99
9999 175 153 194 9999
45 130 23 9999 98

3 5
43 35 51
133 82 106 98 39
9999 163 59 90 9999
70 21 28 9999 96
9999 9999 9999 37 150

3 5
82 140 34
102 23 199 188 191
9999 28 9999 9999 9999
82 94 9999 54 71
9999 9999 153 43 9999

3 5
147 109 114
126 22 153 113 198
9999 9999 9999 9999 105
46 9999 196 158 85
9999 1 150 153 192

3 5
167 141 176
136 183 9 44 191
195 9999 156 9999 177
9999 9999 9999 9999 77
126 4 198 194 182

3 5
9 93 143
62 21 76 41 159
9999 9999 90 148 9999
9999 69 43 9999 68
175 173 9999 9999 9999

3 5
180 169 24
96 94 149 61 51
9999 173 9999 9999 47
13 192 97 197 84
9999 9999 76 120 9999

3 5
90 33 153
159 69 124 116 91
148 9999 9999 104 9999
106 72 173 56 9999
60 108 135 9999 24

3 5
36 116 163
1 14 48 155 102
86 9999 9999 9999 9999
9999 55 19 9999 168
199 9999 131 160 9999

3 5
53 39 44
15 199 170 76 120
149 9999 9999 149 9999
133 131 9999 9999 9999
9999 9999 184 9999 21

3 5
192 75 152
121 107 198 120 183
9999 9999 37 9999 9999
148 120 9999 9999 9999
91 147 107 8 127

3 5
103 13 34
70 175 67 72 186
145 131 141 112 9999
192 9999 120 9999 9999
9999 9999 144 12 124

3 5
62 76 82
130 42 116 52 127
133 9999 9999 9999 9999
9999 48 55 38 51
9999 154 9999 148 157

3 5
162 127 6
103 112 157 79 103
9999 36 9999 9999 9999
9999 15 73 9999 24
15 9 43 103 9999

3 5
103 52 195
65 37 38 32 7
9999 91 47 9999 9999
9999 9999 9999 9999 9999
88 9999 9999 7 172

3 5
168 19 194
75 106 183 58 30
9999 9999 95 116 9999
136 147 9999 9999 79
5 53 109 13 31

3 5
19 28 188
123 171 16 83 137
9999 129 4 9999 9999
143 187 9999 61 9999
131 9999 88 174 30

3 5
80 168 185
162 89 95 169 149
9999 9999 9999 9999 9999
2 185 154 9999 67
9999 89 9999 199 118

3 5
13 124 25
51 139 41 11 43
97 9999 9999 9999 9999
23 54 9999 9999 61
56 82 72 162 9999

3 5
127 129 158
100 4 197 3 143
9999 96 9999 9999 9999
9999 61 138 149 9999
81 90 60 85 17

3 5
5 84 137
62 89 109 199 49
118 9999 90 9999 9999
9999 9999 149 183 191
127 61 9999 55 9999

3 5
128 194 89
21 28 174 188 122
9999 9999 9999 9999 9999
21 9999 159 9999 25
9999 68 98 98 9999

3 5
36 186 41
173 144 142 146 80
24 34 138 9999 9999
39 9999 9999 9999 1
9999 50 9999 124 85

3 5
98 58 173
28 73 187 86 3
9999 28 145 101 136
9999 158 9999 9999 9999
108 9999 9999 52 9999

3 5
127 29 15
9 167 107 48 11
134 9999 62 66 9999
9999 135 9999 9999 9
24 63 176 63 51

3 5
174 22 48
50 63 105 73 65
72 101 9999 107 9999
28 9999 9999 123 9999
171 9999 15 117 44

3 5
104 71 35
191 126 126 59 170
9999 138 9999 143 9999
24 9999 123 9999 9999
48 159 37 13 177

3 5
175 60 113
172 10 52 178 122
13 9999 68 9999 9999
103 9999 156 9999 74
9999 36 9999 21 121

3 5
123 86 139
98 1 52 67 111
9999 73 9999 9999 9999
116 9999 9999 40 3
9999 153 107 116 128

3 5
197 91 90
33 177 37 31 160
37 9999 177 69 80
9999 126 9999 9999 94
115 102 9999 98 191

3 5
162 125 73
101 83 70 76 84
9999 103 154 34 9999
83 116 173 9999 9999
9999 9999 9999 9999 37

3 5
165 60 90
176 123 166 188 25
57 9999 9999 117 9999
9999 9999 9999 15 88
61 134 140 156 9999

3 5
4 100 141
34 106 95 155 89
9999 101 9999 9999 9999
142 9999 9999 103 195
9999 10 122 35 199

3 5
171 12 23
178 104 33 3 105
171 119 49 51 9999
9999 9999 9999 9999 9999
19 132 78 9999 160

3 5
172 78 128
138 54 37 140 29
9999 9999 9999 9999 120
153 94 9999 91 9999
9999 183 42 89 156

3 5
16 15 73
157 178 194 160 138
76 9999 9999 50 9999
9999 9999 106 9999 60
179 98 9999 27 9999

3 5
103 196 37
141 15 18 155 124
9999 9999 111 9999 9999
102 142 140 164 14
9999 9999 9999 107 74

3 5
185 140 13
39 185 151 130 118
125 3 133 9999 9999
119 9999 9999 133 83
9999 22 174 9999 14

3 5
170 155 82
192 94 52 118 104
12 9999 9999 9999 90
83 9999 9999 53 58
9999 177 109 9999 9999

3 5
153 95 105
187 147 56 81 81
166 9999 9999 9999 150
9999 50 9999 9999 9999
127 9999 42 138 136

3 5
162 86 80
35 160 1 168 104
9999 160 172 9999 9999
9999 9999 9999 9999 9999
199 180 89 97 37

3 5
162 133 99
190 103 2 104 79
155 9999 9999 199 26
9999 9999 34 9999 9999
9999 62 9999 107 18

3 5
103 111 25
125 122 178 6 88
9999 97 127 59 9999
87 9999 9999 9999 103
54 9999 9999 9999 83

3 5
165 63 32
121 25 174 85 18
9999 199 115 1 108
2 9999 102 9999 9999
9999 76 42 3 9999

3 5
126 28 105
78 163 87 31 126
9999 9999 9999 9999 9999
41 9999 82 9999 9999
9999 46 160 20 131

3 5
122 142 196
44 99 68 71 189
183 9999 174 140 70
9999 65 187 9999 9999
16 9999 9999 126 9999

3 5
140 191 141
198 136 79 133 6
9999 17 9999 83 9999
159 9999 33 9999 194
27 97 9999 9999 9999

3 5
22 136 139
119 187 50 24 106
199 168 9999 9999 9999
9999 9999 9999 123 19
9999 9999 120 133 102

3 5
87 178 177
76 143 161 18 175
9999 9999 9999 41 9999
65 88 22 9999 9999
155 9999 127 9999 148

3 5
42 158 118
46 92 72 71 13
16 127 9999 71 9999
191 9999 151 9999 59
63 9999 9999 140 9999

3 5
85 112 140
65 38 118 167 67
41 9999 9999 9999 197
9999 199 74 85 9999
9999 195 9999 114 161

3 5
4 3 191
103 196 115 4 139
9999 9999 111 19 9999
121 9999 9999 9999 26
9999 68 142 55 135

3 5
143 175 199
107 185 135 78 124
9999 90 9999 9999 9999
82 9999 9999 146 160
9999 9999 88 9999 176

3 5
176 74 121
186 84 178 66 10
9999 54 79 9999 9999
14 9999 180 9999 9999
196 198 9999 113 134

3 5
109 141 136
118 54 66 186 61
115 9999 9999 198 9999
9999 9999 9999 34 189
9999 66 57 9999 120

3 5
157 60 160
194 63 67 69 80
76 9999 9999 126 9999
53 9999 9999 157 92
9999 37 153 9999 22

3 5
93 88 147
84 60 197 51 28
9999 9999 9999 9999 146
194 109 149 53 9999
9999 88 103 184 9999

3 5
13 82 31
193 29 112 165 24
9999 9999 9999 9999 134
25 125 192 56 123
89 44 139 9999 19

3 5
23 24 150
32 34 18 79 152
9999 9999 9999 9999 9999
196 9999 76 52 45
189 107 163 9999 111

3 5
9 150 144
90 81 123 144 41
9999 9999 93 56 9999
117 178 9999 9999 80
154 169 164 16 43

3 5
30 128 174
43 70 104 179 116
194 9999 9999 9999 9999
9999 153 9999 9999 9999
9999 31 59 171 182

3 5
131 131 40
193 184 178 195 81
130 9999 14 9999 9999
178 99 9999 89 147
9999 66 93 18 9999

3 5
156 192 104
47 152 32 40 71
9999 87 9999 9999 9999
9999 9999 9999 107 67
41 9999 60 159 9999

3 5
129 95 54
49 108 22 48 16
159 9999 50 163 20
158 46 154 2 9999
9999 9999 45 57 151

3 5
80 55 116
64 48 97 102 80
98 72 9999 9999 117
9999 9999 67 90 9999
10 9999 9999 9999 9999

3 5
110 65 77
192 147 42 126 151
9999 148 10 166 167
120 9999 127 9999 160
2 87 44 8 128

3 5
64 19 4
192 116 35 92 134
9999 76 129 13 99
9999 9999 130 9999 9999
117 60 53 175 9999

3 5
91 184 156
20 125 16 78 158
9999 9999 9999 133 91
159 139 182 9999 9999
94 112 9999 9999 9999

3 5
152 182 136
39 82 70 148 81
9999 9999 78 9999 152
7 189 9999 176 113
9999 173 9999 120 9999

3 5
43 55 95
30 130 13 156 6
78 110 9999 76 9999
96 7 22 9999 153
9999 197 191 9999 123

3 5
8 10 163
129 9 150 43 173
9999 9999 68 62 9999
9999 12 9999 147 9999
172 9999 9999 9999 61


