4 10
149 88 80 169
45 152 56 189 134 100 14 19 99 73
9999 9999 9999 101 10 9999 9999 130 9999 138
9999 83 47 74 173 9999 9999 9999 9999 93
130 9999 72 9999 103 9999 23 9999 9999 9999
78 17 9999 59 9999 95 10 14 83 95

4 10
144 103 34 51
29 77 148 49 136 174 78 68 182 18
170 9999 9999 54 23 132 9999 44 9999 9999
9999 9999 9999 9999 9999 101 26 9999 9999 9999
158 86 166 45 158 9999 112 9999 105 79
128 13 9999 9999 178 3 9999 185 116 83

4 10
147 156 65 51
148 138 197 153 14 178 115 172 10 122
83 7 9999 9999 186 69 9999 9999 9999 76
23 155 65 90 9999 9999 9999 136 157 9999
9999 9999 176 142 9999 21 196 39 105 97
9999 44 9999 9999 9999 9999 9999 96 82 9999

4 10
136 83 55 169
64 4 199 16 32 27 134 52 138 36
9999 9999 25 9999 9999 48 9999 9999 9999 9999
76 9999 23 22 9999 9999 9999 58 9999 22
4 68 9999 30 82 9999 9999 9999 9999 9999
9999 119 9999 125 29 63 83 53 160 71

4 10
134 4 117 82
21 168 105 147 110 61 196 56 196 51
9999 9999 9999 9999 9999 56 156 9999 85 85
183 9999 114 112 9999 129 9999 135 89 9999
174 37 85 9999 9999 9999 99 9999 156 9999
15 184 15 142 44 153 9999 169 63 50

4 10
184 160 178 66
51 21 29 34 84 33 103 6 16 175
9999 9999 19 9999 59 9999 9999 10 9999 9999
138 18 78 195 97 130 85 175 12 9999
21 38 88 11 52 9999 9999 9999 167 67
101 29 9999 10 9999 129 27 3 9999 39

4 10
193 171 67 154
14 90 92 65 114 19 91 78 146 164
9999 9 9999 9999 10 9999 158 9999 9999 9999
9999 31 24 9999 123 188 9999 85 9999 9999
29 9999 43 63 9999 75 50 9999 28 9999
59 9999 194 40 185 123 9999 11 124 83

4 10
132 147 118 110
50 159 68 9 55 85 45 122 194 123
144 9999 58 9999 9999 9999 101 9999 63 9999
117 193 119 9999 33 198 156 158 190 41
9999 9999 9999 52 9999 36 34 9999 9999 5
9999 9999 64 9999 9999 115 159 33 9999 158

4 10
42 45 161 78
11 36 9 12 97 173 107 107 35 58
9999 9999 173 9999 9999 80 9999 9999 9999 9999
67 9999 9999 9999 176 161 9999 9999 170 9999
9999 9999 9999 149 50 9999 149 98 9999 189
69 113 57 73 9999 56 9999 72 65 53

4 10
199 173 151 17
73 154 198 132 166 110 197 111 181 7
9999 67 108 92 42 15 197 53 158 61
9999 182 9999 31 108 151 9999 149 9999 9999
111 89 144 102 45 175 154 33 9999 9999
136 9999 186 9999 64 9999 40 7 160 157

4 10
166 179 27 194
135 44 148 55 174 135 78 161 6 191
73 120 14 9999 162 40 9999 9999 9999 9999
101 9999 9999 157 9999 126 9999 9999 148 9999
9999 123 9999 89 9999 22 167 9999 76 7
149 9999 183 131 9999 9999 93 162 73 141

4 10
48 32 135 18
63 63 99 10 26 70 111 8 121 138
9999 9999 87 5 9999 9999 9999 9999 9999 135
9999 192 9999 9999 9999 9999 116 28 9999 9999
9999 78 9999 186 122 63 9999 30 44 9999
137 9999 5 121 9999 80 9999 9999 171 179

4 10
147 2 35 185
51 33 90 139 83 24 112 44 89 107
180 158 9999 2 121 142 74 9999 9999 152
9999 84 112 9999 9999 9999 130 19 43 67
168 9999 9999 91 9999 9999 93 168 41 9999
9999 119 150 67 158 129 9999 126 9999 173

4 10
23 119 164 147
9 66 89 98 65 111 4 38 33 20
9999 23 34 9999 9999 9999 9999 9999 9999 9999
65 9999 154 128 179 9999 9999 59 79 9999
9999 103 37 27 146 38 9999 2 128 151
194 117 9999 9999 192 21 181 9999 165 1

4 10
133 40 61 109
107 5 151 186 124 140 157 126 71 142
9999 134 9999 9999 9999 9999 9999 101 9999 36
53 65 144 118 9999 8 57 186 9999 173
1 9999 25 57 4 9999 69 124 9999 192
9999 65 9999 133 9999 94 84 9999 57 114

4 10
79 156 141 145
194 139 122 148 52 55 111 80 178 21
104 9999 11 26 9999 173 17 9999 38 153
156 9999 42 9999 60 9999 101 9999 9999 185
9999 9999 9999 9999 125 9999 9999 11 136 9999
104 178 9999 26 181 199 9999 9999 101 9999

4 10
23 53 153 78
14 120 6 151 94 34 28 5 128 74
9999 9999 9999 147 9999 9999 9999 9 9999 9999
9999 50 9999 9999 26 133 66 1 174 180
147 15 58 14 150 62 143 50 9999 9999
9999 6 9999 9999 116 9999 21 9999 124 9999

4 10
46 83 193 70
81 184 82 93 96 139 126 42 86 156
9999 176 134 9999 9999 88 9999 98 9999 115
108 3 9999 9999 23 9999 74 9999 9999 9999
51 9999 9999 26 9999 9999 125 9999 97 9999
9999 101 9999 71 118 37 174 9999 9999 197

4 10
4 73 104 113
84 10 16 187 94 79 151 180 45 27
9999 5 107 9999 9999 9999 9999 9999 5 9999
9999 12 9999 56 9999 9999 9999 9999 9999 127
103 191 34 9999 188 9999 20 9999 9999 88
158 9999 112 169 146 166 153 180 17 9999

4 10
12 27 43 62
79 38 35 16 26 130 70 107 198 187
9999 84 9999 9999 109 186 9999 9999 146 44
149 9999 195 9999 10 9999 9999 137 9999 199
31 9999 173 90 9999 44 49 9999 9999 173
34 157 92 115 182 9999 9999 46 9999 177

4 10
78 96 92 1
51 127 42 50 136 169 89 9 92 195
35 9999 170 9999 9999 9999 9999 9999 167 9999
104 118 118 114 52 19 9999 173 9999 9999
109 9999 100 9999 58 9999 73 9999 19 117
97 9999 116 9999 149 16 129 20 155 39

4 10
103 48 127 102
177 183 61 115 46 164 135 178 97 162
186 113 9999 9999 64 113 9999 9999 9999 66
14 91 9999 9999 9999 39 9999 24 101 9999
8 9999 43 9999 16 7 71 60 146 9999
9999 121 38 125 151 193 9999 9999 91 83

4 10
182 15 136 81
198 43 189 180 127 111 186 38 137 52
137 103 9999 146 141 149 9999 9999 99 9999
9999 9999 46 83 9999 9999 9999 86 9999 9999
9999 146 9999 9999 100 112 9999 94 68 86
101 87 111 110 92 95 47 9999 105 21

4 10
128 111 14 88
165 131 152 196 36 21 62 146 161 56
9999 9999 149 9999 9999 9999 86 9999 10 9999
82 143 151 180 143 9999 195 86 22 9999
144 17 6 57 9999 164 9999 105 17 110
145 146 9999 9999 74 9999 72 9999 9999 53

4 10
28 140 90 121
100 93 75 113 74 52 177 163 29 47
9999 71 156 9999 155 9999 24 9999 2 118
37 46 9999 155 172 138 9999 9999 9999 9999
8 15 11 44 9999 98 9999 32 126 2
184 9999 9999 29 16 64 128 47 9999 181

4 10
29 157 6 121
12 168 135 163 9 60 88 178 157 31
102 28 132 9999 9999 9999 8 165 9999 9999
9999 193 11 9999 54 64 9999 9999 16 105
9999 9999 156 93 33 54 62 157 9999 140
92 9999 9999 138 9999 9999 131 96 187 90

4 10
3 24 43 177
180 162 148 125 12 128 50 76 144 88
9999 9999 9999 9999 192 9999 9999 9999 9999 9999
9999 9999 9999 142 9999 135 42 153 160 13
69 27 14 9999 180 9999 9999 9999 9999 85
57 170 33 4 9999 63 9999 145 42 71

4 10
195 32 65 153
149 100 23 44 84 110 38 129 92 1
9999 51 37 9999 87 9999 9999 9999 9999 111
35 9999 9999 38 40 23 161 1 109 94
9999 21 181 9999 9999 9999 9999 9999 9999 150
115 9999 72 163 10 68 154 113 97 9999

4 10
98 36 118 151
15 197 150 168 165 185 127 39 194 31
111 8 9999 188 9999 135 51 9999 9999 9999
9999 9999 9999 9999 9999 9999 9999 9999 11 9999
9999 9999 158 101 49 9999 9999 160 55 9999
173 73 9999 9999 9999 9999 146 156 106 152

4 10
88 193 173 79
199 102 21 146 136 92 197 93 151 9
145 61 97 9999 102 9999 9999 9999 9999 31
9999 2 9999 9999 107 9999 123 181 9999 9999
9999 9999 9999 57 9999 130 9999 100 168 74
86 98 189 102 73 87 143 27 79 4

4 10
156 189 8 137
184 98 148 165 31 101 126 20 196 173
9999 9999 9999 30 9999 87 141 9999 9999 9999
124 10 9999 128 121 9999 9999 9999 167 148
9999 9999 17 9999 9999 9999 118 9999 170 70
117 25 53 172 1 140 84 25 47 146

4 10
126 54 60 179
7 78 150 143 20 159 43 104 45 192
185 9999 9999 9999 9999 9999 9999 170 104 140
9999 9999 189 9999 9999 9999 114 121 76 9999
9999 9999 90 28 9999 9999 1 9999 9999 9999
139 196 192 21 112 112 9999 9999 104 197

4 10
173 90 33 39
34 2 111 109 71 179 106 26 43 72
9999 9999 9999 9999 9999 9999 9999 9999 90 167
9999 28 120 136 9999 9999 86 9999 128 9999
116 9999 61 110 166 2 9999 4 196 9999
39 43 39 9999 141 37 81 186 199 56

4 10
55 146 33 117
182 170 180 78 67 100 126 106 88 31
9999 9999 22 9999 60 120 9999 14 9999 9999
9999 102 172 185 9999 9999 181 9999 94 8
81 39 177 9999 98 136 179 70 57 44
19 87 19 172 73 9999 9999 76 9999 9999

4 10
144 100 53 16
164 186 107 169 139 174 176 30 47 121
81 9999 9999 66 9999 9999 9999 9999 99 9999
124 38 55 54 30 25 50 193 138 9999
9999 9999 114 9999 156 86 128 9999 152 18
104 30 9999 26 84 178 9999 167 146 165

4 10
167 72 63 100
28 95 47 99 106 44 154 97 144 198
81 9999 9999 9999 9999 9999 146 9999 9999 47
9999 9999 147 118 142 28 9999 71 9999 9999
38 99 9999 80 9999 15 70 168 159 45
177 9 116 84 133 9999 32 15 66 99

4 10
88 175 54 115
39 38 48 158 136 185 73 44 26 21
9999 9999 60 9999 9999 31 198 37 9999 9999
159 158 114 1 29 41 82 9999 68 175
9999 172 9999 9999 9999 179 9999 9999 9999 9999
191 9999 84 40 100 100 149 188 101 41

4 10
114 54 56 108
150 148 186 23 188 48 59 48 154 193
9999 26 9999 9999 9999 168 18 76 75 9999
56 9999 88 100 9999 9999 131 142 15 34
9999 9999 9999 134 95 57 9999 9999 9999 9999
133 77 79 110 23 180 130 9999 9999 57

4 10
62 157 109 148
126 164 105 115 63 74 70 101 142 43
9999 9999 9999 9999 9999 9999 9999 9999 9999 192
84 193 103 9999 9999 9999 9999 9999 125 9999
172 9999 9999 9999 126 79 2 9999 168 19
55 60 71 183 9999 100 9999 42 98 9999

4 10
53 74 147 30
181 129 112 133 51 52 145 121 16 199
9999 56 177 100 9999 9999 9999 106 9999 167
9999 9999 9999 9999 9999 57 9999 190 169 9999
102 9999 9999 9999 197 25 149 9999 148 33
152 9999 133 131 9999 13 9999 128 64 176

4 10
194 189 77 197
127 182 109 26 168 83 52 24 147 23
9999 9999 29 9999 9999 9999 9999 68 38 72
53 9999 67 114 9999 124 9999 93 9999 175
9999 28 169 78 37 9999 46 9999 9999 9999
8 159 9999 9999 171 125 179 49 68 173

4 10
1 79 5 2
13 162 40 25 37 190 82 89 29 181
9999 83 9999 69 9999 162 176 9999 124 150
10 9999 160 9999 68 9999 9999 9999 7 78
12 9999 9999 125 182 9999 60 97 9999 10
9999 167 123 93 34 138 9999 60 9999 9999

4 10
123 20 17 59
122 167 77 49 58 116 196 191 180 112
139 9999 49 9999 9999 163 9999 138 154 193
166 188 174 145 183 9999 9999 9999 9999 111
74 173 9999 82 9999 9999 141 133 60 9999
189 107 9999 9999 71 97 9999 102 62 71

4 10
140 102 96 20
194 175 169 165 85 39 118 150 80 58
9999 9999 114 9999 9999 198 9999 154 61 9999
9999 41 140 109 9999 9999 27 9999 9999 194
190 53 198 9999 9999 9999 9999 177 9999 163
1 9999 9999 6 46 9999 184 9999 9999 9999

4 10
4 109 101 14
177 105 129 192 115 91 17 5 1 162
9999 96 9999 182 9999 9999 9999 26 42 156
160 9999 197 69 9999 9999 22 126 9999 9999
127 9999 100 9999 117 81 9999 149 65 186
9999 32 121 9999 169 152 132 142 9999 9999

4 10
96 115 37 113
50 143 142 117 26 17 150 21 4 78
9999 9999 9999 9999 35 53 66 69 9999 9999
66 70 174 170 9999 9999 6 187 52 9999
49 38 9999 136 9999 158 9999 9999 44 120
143 9999 9999 9999 9999 95 36 155 9999 161

4 10
181 181 109 145
1 115 54 77 120 112 153 31 85 71
17 9999 50 35 41 177 73 9999 9999 57
128 94 116 9999 109 96 39 72 194 174
9999 7 141 52 9999 9999 9999 9999 95 194
9999 157 9999 9999 95 9999 34 133 9999 9999

4 10
72 30 167 47
131 122 159 59 36 11 149 60 159 43
9999 137 70 9999 9999 9999 9999 9999 39 142
61 9999 9999 143 181 94 93 9999 60 9999
9999 9999 127 9999 74 174 9999 107 135 9999
13 178 10 130 130 9999 77 90 9999 9999

4 10
168 21 152 125
64 33 1 121 118 86 131 50 170 60
9999 13 9999 9999 9999 169 9999 9999 55 190
140 9999 9999 148 172 9999 155 58 9999 77
87 9999 9999 162 80 111 9999 9999 4 9999
13 9999 180 67 15 20 9999 119 119 79

4 10
89 43 98 166
73 58 120 185 193 80 172 196 111 16
9999 9999 9999 106 9999 9999 9999 9999 9999 9999
8 19 100 96 9999 9999 109 151 144 9999
9999 9999 9999 9999 9999 72 123 106 123 9999
77 9999 174 22 87 116 103 9999 187 7

4 10
187 179 33 40
34 100 96 20 89 171 125 120 137 63
9999 9999 197 43 9999 9999 9999 9999 9999 9999
9999 81 9999 9999 92 30 9999 47 168 125
9999 9999 195 9999 9999 51 116 176 75 13
114 165 188 148 9999 9999 65 9999 102 75

4 10
114 169 166 28
163 2 123 23 61 55 177 35 35 131
9999 9999 9999 149 9999 13 9999 9999 9999 61
9999 42 9999 9999 138 70 82 9999 9999 9999
12 21 95 98 86 172 86 176 9999 59
141 26 81 9999 111 9999 23 9999 179 9999

4 10
154 97 82 60
193 153 188 81 155 76 121 160 66 23
9999 9999 125 8 9999 52 9999 9999 9999 137
9999 9999 9999 9999 65 165 9999 9999 27 102
174 9999 102 9999 9999 9999 46 147 9999 9999
91 84 9999 152 71 13 74 31 164 42

4 10
57 139 147 148
90 24 113 120 108 83 90 114 17 136
109 2 9999 9999 48 88 8 9999 9999 9999
158 9999 182 195 9999 70 123 11 9999 125
9999 153 124 77 135 9999 9999 199 109 197
33 115 71 7 116 91 9999 9999 194 151

4 10
169 22 10 79
186 56 101 135 40 137 151 142 155 35
72 9999 9999 122 131 9999 184 77 9999 131
9999 9999 174 9999 70 116 70 16 169 9999
46 9999 9999 9999 180 9999 9999 109 144 9999
9999 10 98 4 9999 9999 94 9999 155 82

4 10
129 25 57 18
2 77 122 92 15 50 30 64 40 150
79 102 122 9999 9999 9999 31 9999 9999 9999
9999 30 9999 177 148 9999 9999 118 38 9999
9999 9999 9999 9 4 9999 9999 9999 75 42
100 9999 52 9999 155 143 127 177 9999 179

4 10
6 31 22 131
134 90 89 22 157 64 159 37 197 54
46 128 141 9999 9999 9999 9999 184 9999 174
12 36 9999 9999 122 162 9999 14 9999 128
15 9999 88 146 112 27 9999 9999 174 9999
9999 117 9999 195 9999 9999 4 74 9999 59

4 10
198 152 129 198
122 109 104 32 104 97 23 93 180 125
9999 9999 9999 133 9999 9999 158 78 9999 16
89 9999 45 9999 9999 9999 132 125 180 151
9999 142 184 9999 66 17 47 198 9999 179
150 9999 176 99 174 78 20 58 151 9999

4 10
40 198 175 79
128 74 64 84 69 95 169 135 165 11
9999 20 52 9999 134 9999 140 9999 158 168
101 9999 77 9999 9999 147 137 9999 5 9999
9999 197 9999 197 44 6 87 168 9999 149
76 9999 130 127 124 182 9999 10 9999 9999

4 10
68 110 164 120
188 151 116 35 49 33 125 73 40 39
9999 9999 9999 9999 9999 9999 9999 173 9999 141
9999 135 141 9999 9999 64 9999 122 82 9999
192 9999 9999 9999 71 85 85 9999 166 63
9999 88 190 21 105 104 170 141 72 170

4 10
132 154 172 77
169 23 167 114 25 153 29 24 105 110
169 9999 9999 9999 9999 9999 160 186 185 9999
9999 9999 9999 9999 9999 52 9999 9999 9999 9999
9999 73 9999 46 36 63 9999 9999 75 60
45 75 66 50 48 198 105 112 185 147

4 10
116 171 146 180
155 140 48 24 18 165 119 147 150 121
9999 9999 87 9999 60 152 119 9999 9999 9999
101 9999 124 47 9999 9999 56 81 42 9999
135 126 9999 135 9999 77 9999 59 148 100
65 94 196 14 129 31 148 9999 146 92

4 10
150 178 120 173
55 85 147 131 149 132 68 86 197 196
9999 9999 9999 150 100 74 9999 9999 9999 89
178 39 63 9999 9999 9999 63 190 40 9999
9999 9999 26 9999 9999 91 9999 142 8 5
166 15 173 9999 62 33 106 123 9999 40

4 10
194 54 48 151
121 79 180 24 147 183 168 26 63 117
17 51 9999 181 63 9999 39 9999 9999 182
144 48 143 133 9 9999 77 9999 19 112
9999 9999 57 9999 9999 152 9999 149 71 7
9999 73 9999 9999 89 170 9999 9999 9999 9999

4 10
44 127 156 118
99 63 126 173 50 38 154 114 180 40
9999 9999 19 5 91 9999 162 105 184 30
70 123 188 28 9999 9999 93 9999 196 9999
9999 197 9999 142 9999 45 47 9999 60 73
9999 45 8 9999 66 9999 9999 108 9999 46

4 10
190 146 199 25
70 81 158 173 143 32 16 19 3 135
9999 107 50 82 9999 9999 92 9999 72 9999
31 9999 9999 9999 9999 83 9999 90 9999 128
126 9999 97 9999 132 7 54 9999 9999 92
45 9999 66 9999 3 64 9999 88 133 9999

4 10
67 22 4 5
121 81 130 24 170 124 36 66 125 85
9999 9999 9999 20 68 143 162 81 165 9999
97 107 95 98 9999 9999 9999 89 110 162
9999 106 9999 9999 168 115 9999 32 9999 105
194 138 152 58 57 116 9999 9999 180 9999

4 10
84 171 9 153
109 113 135 118 56 26 77 193 138 172
9999 5 103 9999 9999 9999 9999 9999 9999 9999
9999 147 12 36 9999 190 81 9999 196 107
27 9999 9999 88 109 2 23 177 166 9999
51 9999 19 9999 118 123 9999 141 171 9999

4 10
88 147 79 14
19 80 121 153 21 65 105 96 159 101
9999 9999 9999 116 137 9999 9999 9999 168 9999
9999 9999 9999 9999 9999 9999 71 9999 9999 141
58 10 154 137 79 101 9999 152 73 9999
151 29 160 92 9999 9999 86 11 158 9999

4 10
114 198 69 88
140 176 77 1 121 32 58 113 163 168
9999 121 9999 9999 39 1 9999 15 9999 129
9999 9999 9999 21 9999 9999 9999 116 9999 80
9999 105 131 112 9999 49 39 9999 116 120
82 167 163 9999 125 55 62 123 38 41

4 10
174 155 94 91
140 187 168 138 51 80 198 77 59 64
9999 9999 9999 9999 9999 117 9999 9999 86 97
188 9999 3 9999 9999 98 183 178 9999 9999
9999 69 9999 118 123 131 9999 29 9999 79
9999 177 154 3 145 9999 50 20 115 9999

4 10
55 106 3 176
139 120 57 173 142 116 150 190 26 199
9999 9999 98 9999 9999 9999 9999 187 9999 9999
164 182 9999 165 162 123 9999 26 9999 77
22 9999 9999 127 149 9999 18 9999 24 49
51 165 9 129 82 9999 69 9999 9999 21

4 10
102 175 131 194
172 92 178 120 104 20 184 91 9 135
24 9999 140 9999 112 9999 193 9999 7 131
9999 9999 77 68 163 72 9999 9999 127 123
9999 81 74 9999 54 10 9999 9999 9999 93
24 170 161 86 74 64 9999 65 9999 9999

4 10
158 157 148 193
157 8 29 96 27 21 84 143 126 137
9999 28 77 101 98 9999 177 9999 9999 143
30 122 9999 191 127 79 9999 9999 11 9999
124 177 9999 9999 9999 9999 184 184 162 9999
9999 49 33 111 177 186 107 150 9999 59

4 10
60 173 113 45
158 151 151 128 164 148 150 164 64 157
9999 191 185 149 9999 9999 9999 75 9999 199
187 187 9999 9999 5 151 115 80 15 9999
110 9999 129 26 24 171 29 9999 75 9999
47 121 142 9999 73 9999 45 155 9999 16

4 10
90 120 164 183
64 40 124 169 187 104 157 77 14 15
115 61 15 194 9999 9999 9999 9999 9999 9999
9999 36 73 9999 9999 150 6 9999 22 9999
118 79 9999 9999 84 157 110 44 9999 161
9999 9999 9999 126 19 21 9999 120 9999 177

4 10
95 26 132 157
173 32 134 17 59 27 83 71 31 16
9999 9999 9999 85 184 55 9999 184 172 165
93 140 165 9999 9999 49 62 9999 9999 42
9999 9999 9999 191 51 9999 9999 174 9999 9999
171 30 99 143 172 122 171 19 9999 9999

4 10
4 77 61 68
64 87 21 70 188 135 7 41 80 63
9999 9999 9999 9999 66 122 9999 9999 41 55
199 148 163 194 104 9999 113 128 125 141
179 9999 48 145 9999 9999 130 46 9999 14
9999 47 9999 37 181 125 9999 90 102 9999

4 10
89 12 138 129
56 100 196 68 112 160 9 43 171 176
9999 100 162 53 139 144 9999 101 9999 9999
9999 9 9999 9999 9999 9999 9999 9999 24 114
88 9999 9999 53 9999 9999 9999 38 165 1
106 8 1 107 9999 9999 72 157 62 9999

4 10
8 10 22 53
17 46 43 131 72 40 90 18 159 76
9999 9999 9999 146 9999 5 9 9999 9999 9999
83 9999 4 64 28 41 148 9999 9999 48
112 9999 84 15 9999 9999 55 8 180 9999
186 54 9999 9999 35 90 9999 9999 9999 72

4 10
9 130 59 88
23 9 72 14 17 160 51 40 107 42
9 9999 9999 9999 9999 28 9999 77 9999 14
9999 9999 86 124 64 9999 179 9999 9999 126
15 9999 93 162 174 52 154 9999 32 9999
198 69 9999 42 170 9999 9999 9999 9999 96

4 10
70 49 103 7
8 71 157 47 104 142 179 149 99 110
191 182 9999 9999 9999 149 9999 9999 151 9999
20 20 9999 9999 77 9999 11 143 9999 17
9999 9999 117 3 9999 150 9999 120 171 9999
9999 58 179 98 7 9999 137 9999 9999 72

4 10
152 117 44 49
182 184 190 194 113 14 156 83 113 10
9999 41 9999 141 9999 9999 9999 175 9999 116
16 9999 102 73 137 126 9999 9999 92 9999
1 96 9999 9999 181 9999 160 34 186 9999
184 127 149 65 175 9999 99 59 198 140

4 10
70 164 172 64
148 118 72 88 170 27 133 75 1 135
9999 9999 9999 9999 9999 9999 86 22 118 9999
9999 9999 39 9999 77 9999 90 9999 95 143
128 86 9999 86 9999 14 9999 165 9999 87
165 184 83 9999 175 191 54 48 15 195

4 10
72 101 22 149
189 69 144 119 66 64 7 181 51 159
9 9999 9999 167 9999 9999 130 9999 9999 9999
27 115 80 20 187 9999 115 128 9999 9999
9999 110 9999 32 23 30 9999 81 9999 167
42 9999 156 9999 153 21 9999 80 125 108

4 10
23 156 132 88
21 184 37 54 5 66 135 149 145 58
9999 18 9999 9999 174 163 9999 9999 47 9999
128 9999 71 118 9999 9999 67 9999 28 106
55 9999 9999 160 9999 175 9999 26 85 9999
120 16 199 9999 134 40 192 9999 9999 164

4 10
69 89 127 104
61 193 133 26 11 36 165 179 88 147
9999 9999 9999 9999 9999 150 9999 9999 180 9999
9999 9999 160 9999 53 195 9999 9999 9999 19
107 39 45 38 9999 23 161 9999 18 81
32 199 9999 116 170 9999 35 124 9999 9999

4 10
114 106 8 47
174 58 102 94 93 27 183 59 38 117
111 9999 9999 9999 7 132 184 9999 175 143
77 9999 107 9999 9999 39 71 9999 9999 96
110 96 128 48 132 2 9999 182 9999 9999
9999 159 136 111 9999 9999 66 189 104 136

4 10
112 114 147 38
73 157 136 149 170 92 134 66 7 9
9999 9999 9999 9999 49 67 9999 9999 9999 9999
131 9999 9999 158 184 9999 172 110 7 4
103 9999 146 38 9999 84 121 9999 198 9999
164 175 15 188 157 99 163 9999 191 54

4 10
76 190 80 13
35 139 28 34 162 138 18 140 152 182
110 119 72 75 9999 48 9999 9999 9999 98
195 9999 9999 80 84 3 9999 147 9999 177
9 121 178 180 9999 29 8 9999 17 182
112 3 173 9999 9999 146 63 188 75 9999

4 10
2 156 156 193
85 58 185 22 125 142 82 149 134 188
9999 122 9999 9999 9999 9999 159 9999 9 9999
157 123 157 29 75 134 76 9999 9999 31
9999 78 9999 9999 106 161 9999 196 96 179
31 9999 9999 39 34 9999 9999 101 100 9999

4 10
197 73 52 19
87 133 30 161 31 149 146 19 97 83
136 152 9999 39 199 118 63 74 99 9999
9999 9999 113 33 150 9999 100 9999 147 156
9999 179 66 161 9999 100 98 9999 68 9999
34 9999 74 15 71 147 154 14 169 115

4 10
68 122 137 180
77 176 80 151 100 100 160 62 115 38
9999 134 9999 9999 196 9999 9999 109 9999 9999
9999 9999 9999 9999 9999 9999 9999 161 171 193
9999 9999 9999 14 154 127 16 9999 9999 30
78 92 24 154 7 9999 169 9999 96 91

4 10
126 7 185 64
107 51 73 124 158 29 196 139 52 43
9999 9999 40 9999 194 114 9999 32 186 19
9999 9999 73 9999 165 27 9999 9999 111 132
50 184 9999 105 127 9999 138 176 9999 38
9999 9999 170 138 175 85 189 16 139 9999

4 10
83 191 90 99
50 54 134 122 168 30 180 57 28 52
9999 9999 79 166 9999 9999 88 9999 107 113
9999 9999 9999 9999 178 9999 9999 9999 9999 83
9999 141 5 60 81 9999 106 9999 9999 9999
98 72 6 9999 151 23 161 165 96 9999

4 10
117 76 136 179
108 149 1 1 96 135 63 106 153 39
9999 9999 9999 9999 179 134 9999 9999 175 9999
188 153 9999 156 9999 9999 9999 21 9999 53
120 9999 36 43 42 9999 9999 9999 48 9999
147 50 84 94 9999 131 9 130 9999 23

4 10
12 32 180 18
178 102 147 131 123 120 134 36 131 67
9999 50 9999 166 72 156 112 9999 9999 9999
42 9999 19 9999 9999 9999 9999 9999 131 190
9999 161 9999 43 9999 89 9999 109 2 126
172 9999 101 49 9999 38 168 51 9999 9999

4 10
46 91 74 34
43 159 191 151 98 62 186 39 30 68
131 23 9999 9999 66 190 9999 9999 67 9999
9999 9999 9999 121 9999 54 120 78 9999 9999
92 9999 90 9999 9999 31 9999 1 142 133
9999 9999 78 187 186 9999 9999 18 115 125

4 10
22 113 131 39
146 147 114 25 127 130 79 131 176 60
54 9999 178 9999 94 9999 9999 151 9999 9999
9999 6 76 119 9999 141 187 57 9999 9999
32 120 9999 9999 146 9999 101 9999 166 39
110 168 9999 133 9999 164 129 62 34 48

4 10
117 58 16 50
158 56 84 124 84 28 123 18 198 105
108 9999 9999 9999 28 30 73 9999 9999 44
11 162 9999 83 9999 86 168 82 85 14
9999 9999 181 9999 3 23 9999 167 118 9999
91 9999 172 63 76 9999 98 122 162 11


