6 14
25 171 112 124 60 27
88 119 50 193 23 67 8 75 172 125 194 81 32 98
9999 9999 9999 128 9999 9999 9999 9999 9999 9999 187 9999 9999 9999
27 98 105 22 127 9999 9999 74 98 106 193 9999 9999 80
74 178 115 119 9999 61 179 9999 78 160 134 119 84 126
79 9999 9999 9999 9999 99 9999 148 9999 67 9999 58 167 9999
110 16 9999 129 175 149 4 199 75 3 9999 171 9999 27
9999 35 20 140 25 9999 166 9999 160 175 81 9999 71 81

6 14
103 94 164 100 176 21
82 130 52 4 31 174 111 20 188 49 35 90 161 24
139 9999 135 9999 19 9999 9999 73 172 9999 18 9999 9999 155
9999 50 183 47 9999 9999 9999 9999 9999 60 9999 9999 15 9999
9999 9999 9999 9999 144 195 20 68 54 166 9999 58 88 9999
134 198 13 9999 82 81 9999 186 137 144 64 91 15 86
184 77 9999 190 68 73 39 9999 9999 88 157 9999 9999 187
19 104 88 125 114 9999 172 98 9999 35 48 33 90 198

6 14
145 168 183 138 67 4
109 41 171 61 33 139 118 180 100 35 83 70 54 66
77 95 9999 9999 151 9999 9999 9999 9999 9999 9999 21 55 79
9999 9999 9999 169 9999 89 125 9999 9999 9999 9999 9999 9999 9999
180 32 67 9999 9999 149 9999 9999 194 131 120 85 32 122
48 9999 169 195 113 95 72 183 9999 150 175 9999 9999 9
74 52 133 9999 27 9999 9999 183 138 9999 80 34 9999 9999
9999 149 146 135 192 80 143 82 110 127 52 92 84 107

6 14
143 89 49 157 28 177
112 11 106 40 94 134 71 57 155 81 77 163 18 150
9999 9999 9999 9999 9999 37 9999 57 9999 9999 9999 9999 9999 163
82 9999 9999 84 137 9999 9999 9999 186 109 9999 105 68 25
149 27 9999 11 9999 54 195 172 35 195 193 68 69 9999
2 164 180 9999 9999 9999 151 52 83 38 167 154 9999 9999
75 38 199 106 30 113 150 116 9999 9999 9999 107 9999 48
9999 30 5 134 120 138 23 179 3 76 37 9999 170 71

6 14
146 46 54 101 131 47
134 183 61 173 135 73 102 80 187 4 47 21 51 73
9999 188 37 9999 9999 154 67 71 9999 10 9999 88 9999 9999
112 9999 36 9999 9999 179 9999 130 9999 9999 186 9999 161 53
86 177 9999 29 158 5 162 82 118 124 9999 9999 9999 9999
185 190 176 176 158 9999 171 113 9999 9 63 165 196 38
54 33 183 120 32 120 105 161 172 9999 15 183 119 183
39 9999 9999 9999 101 9999 9999 122 19 9999 9999 9999 175 77

6 14
172 160 5 101 104 165
199 186 83 133 186 88 102 144 22 172 140 21 37 62
1 34 53 179 9999 74 140 9999 199 177 9999 9999 9999 128
9999 9999 9999 95 132 43 9999 9999 9999 161 9999 147 9999 9999
9999 14 155 95 57 9999 106 64 9999 9999 135 9999 169 43
9999 77 14 9999 9999 9999 9999 23 59 158 111 183 9 176
62 111 9999 99 9999 24 9999 126 9999 175 24 111 66 195
113 145 82 180 40 108 159 9999 187 9999 121 9999 109 51

6 14
195 177 135 12 20 134
55 104 115 56 76 102 199 10 9 2 104 61 151 90
9999 9999 9999 9999 9999 31 9999 9999 35 9999 38 9999 9999 9999
1 29 92 9999 60 115 9999 9999 9999 9999 46 28 180 122
9999 166 83 135 40 102 85 163 9999 43 9999 180 197 9999
95 9999 1 134 9999 9999 158 38 140 21 9999 9999 23 113
9999 104 182 9999 194 9999 89 9999 106 154 94 148 14 123
79 90 52 61 101 9999 137 145 43 199 9999 1 10 108

6 14
135 127 89 11 139 105
45 141 54 130 12 179 181 128 141 83 88 133 194 177
9999 9999 57 32 9999 172 169 42 9999 107 82 9999 9999 9999
108 112 9999 4 148 9999 72 9999 9999 126 157 124 179 143
9999 9999 5 9999 9999 9999 119 147 133 157 9999 151 9999 9999
81 103 159 9999 192 3 9999 9999 4 9999 9999 54 153 9999
46 60 9999 170 77 92 166 9999 51 198 193 9999 9999 49
106 81 85 174 5 89 9999 145 9999 9999 8 8 124 108

6 14
115 119 184 66 106 18
24 107 51 100 112 147 81 3 148 197 2 78 92 35
9999 41 9999 9999 9999 184 9999 24 174 5 9999 78 9999 9999
42 147 18 109 9999 9999 9999 9999 156 9999 18 151 147 181
9999 9999 101 9999 134 30 171 40 9999 163 1 165 187 110
45 54 175 89 191 89 194 9999 174 105 188 9999 19 16
9999 177 9999 88 175 113 9999 9999 9999 101 192 9999 153 9999
183 9999 190 76 113 9999 144 124 9999 121 9999 168 9999 9999

6 14
36 145 66 78 73 161
85 99 168 40 122 136 3 65 163 18 118 187 134 157
12 9999 9999 3 9999 9999 9999 9999 9999 13 9999 51 36 105
9999 9999 9999 147 101 40 102 9999 76 186 154 123 9999 9999
118 192 101 9999 153 9 36 168 134 148 9999 40 90 91
65 9999 9999 16 146 194 9999 187 25 19 9999 181 177 36
154 164 126 9999 79 9999 143 9999 9999 182 97 32 99 9999
9999 27 57 7 9999 106 97 187 9999 9999 195 9999 75 146

6 14
170 159 99 63 89 62
69 106 16 155 181 64 6 22 184 78 139 52 72 22
70 81 23 119 9999 18 9999 132 9999 9999 9999 9999 135 79
86 170 9999 9999 9999 9999 170 92 9999 89 9999 8 145 50
66 9999 194 9999 9999 94 9999 9999 137 88 9999 97 9999 9999
45 9999 9999 157 8 9999 145 6 75 9999 97 67 37 26
9999 9999 138 97 61 66 108 156 40 23 43 168 20 122
9999 163 77 31 123 198 175 9999 96 179 198 7 175 178

6 14
22 190 143 147 66 179
114 135 143 198 46 97 66 164 76 63 77 187 132 40
9999 93 122 146 104 9999 9999 9999 9999 191 1 182 132 51
197 37 65 190 9999 59 172 7 9999 9999 9999 126 9999 9999
9999 9999 9999 174 9999 77 181 168 122 9999 134 133 9999 33
9999 155 167 9999 57 9999 39 37 9999 114 95 9999 58 171
111 11 183 9999 121 64 9999 9999 112 9999 9999 155 112 9999
59 118 24 148 197 116 39 9999 49 157 145 176 12 102

6 14
112 104 99 192 92 111
130 68 58 195 64 119 183 7 12 124 76 114 145 50
44 9999 128 9999 147 9999 9999 22 9999 74 67 9999 9999 9999
116 1 164 9999 9999 171 182 195 171 9999 9999 53 23 29
9999 25 86 166 58 47 9999 16 56 9999 20 9999 126 42
9999 9999 174 81 20 107 9999 193 9999 106 194 131 80 9999
68 57 9999 56 48 24 132 9999 9999 45 85 5 124 141
106 112 152 9999 142 38 152 9999 157 37 9999 185 54 9999

6 14
75 45 88 150 161 16
112 117 159 170 127 54 62 78 117 32 60 105 142 177
66 9999 9999 9999 9999 9999 9999 112 9999 9999 9999 9999 9999 9999
13 82 147 195 103 126 7 25 125 132 129 118 48 186
9999 9999 9999 192 172 9999 180 130 26 191 9999 52 9999 9999
132 25 9999 9999 9999 20 9999 9999 9999 34 170 9999 4 9999
9999 69 87 9999 97 117 163 31 24 9999 57 17 164 84
66 26 186 96 142 18 5 185 3 9999 73 9999 101 176

6 14
41 149 187 112 123 134
19 36 160 197 56 55 23 33 106 13 54 122 10 91
9999 9999 9999 9999 9999 165 9999 9999 85 19 9999 9999 9999 9999
100 100 9999 9999 18 9999 9999 9999 85 9999 135 68 9999 144
9999 127 14 97 170 70 127 9999 9999 112 9999 44 28 9999
183 147 145 5 188 125 194 144 186 62 192 9999 9999 33
109 195 192 63 9999 160 13 186 183 9999 83 173 18 16
122 5 101 30 93 9999 9999 67 176 197 11 44 188 147

6 14
24 99 72 57 104 4
142 115 116 123 198 4 56 98 99 9 124 90 172 191
9999 9999 9999 196 9999 9999 9999 172 28 117 9999 9999 183 9999
23 9999 9999 43 9999 9999 42 72 9999 9999 9999 113 9999 9999
147 156 114 9999 80 9999 129 9999 75 9999 198 9999 12 2
26 119 142 68 9999 175 9999 36 9999 59 9999 178 126 176
125 108 36 120 94 66 189 101 69 144 49 44 195 28
9999 9999 153 168 105 122 165 9999 9999 9999 108 194 9999 125

6 14
126 105 107 23 148 133
134 180 3 92 78 141 19 39 66 155 94 124 42 137
9999 9999 101 58 53 152 80 9999 59 9999 9999 9999 153 9999
81 137 9999 9999 9999 9999 9999 111 9999 87 9999 68 9999 9999
62 9999 17 96 131 16 9999 159 97 121 141 9999 127 176
19 147 9999 9999 93 16 26 9999 56 138 9999 112 61 90
9999 104 54 133 99 162 28 15 18 9999 111 21 9 97
116 9999 155 9999 9999 135 53 116 93 65 171 9999 9 9999

6 14
175 166 53 198 195 118
97 110 2 46 92 109 70 170 85 88 195 14 182 7
9999 9999 9999 9999 9999 9999 9999 9999 9999 84 9999 9999 185 9999
47 62 98 86 29 9999 79 9999 9999 71 70 178 29 107
162 19 171 9999 56 78 198 9999 90 191 9999 9999 135 72
181 9999 193 199 161 80 144 9 64 9999 9999 9999 9999 96
163 9999 129 93 188 155 9999 56 9999 79 121 178 132 84
193 108 193 60 99 9999 130 8 137 119 24 133 144 9999

6 14
113 38 52 199 155 44
125 154 82 53 67 159 23 103 67 15 5 67 43 171
9999 75 137 9999 9999 9999 9999 9999 178 194 9999 187 9999 43
9999 161 9999 50 187 180 186 9999 143 9999 9999 148 9999 195
163 9999 94 9999 77 9999 9999 175 153 167 9999 9999 2 9999
168 9999 9999 9999 105 9999 102 190 9999 6 110 9999 176 185
174 73 23 55 112 132 91 157 9999 52 1 63 140 9999
9999 126 163 18 142 8 9999 183 37 156 145 31 116 157

6 14
50 138 154 52 171 176
174 13 152 163 152 117 2 193 75 109 157 39 113 119
9999 108 9999 28 112 9999 110 67 9999 194 9999 9999 9999 9999
2 107 121 9999 178 9999 9999 9999 115 9999 114 156 173 105
9999 9999 33 86 9999 64 164 52 128 9999 193 9999 9999 75
122 98 9999 9999 186 50 9999 9999 109 9999 9999 21 187 63
130 37 9999 34 135 50 79 182 25 151 193 52 52 79
187 9999 96 60 58 134 157 186 136 80 9999 156 57 59

6 14
41 60 64 189 40 52
136 48 5 125 31 64 63 88 90 13 170 147 70 100
9999 9999 9999 9999 9999 93 115 9999 9999 9999 9999 75 9999 9999
9999 9999 9999 178 49 9999 75 161 75 51 9999 9999 9999 123
9999 32 9999 178 9999 9999 9999 9999 112 9999 76 9999 179 2
146 196 110 9999 22 9999 193 9999 97 28 175 182 88 187
69 173 70 9999 62 26 9999 158 9999 139 59 9999 93 58
149 9999 192 58 48 14 164 167 107 75 128 103 9999 39

6 14
167 59 106 78 26 143
196 9 37 173 22 143 146 13 126 197 156 90 168 62
9999 75 9999 186 198 121 9999 9999 9999 9999 120 157 192 9999
9999 9999 36 9999 9999 74 9999 9999 9999 33 9999 9999 9999 165
122 181 114 110 100 160 159 160 11 139 9999 9999 75 21
150 197 170 9999 139 32 9999 53 189 9999 127 45 17 143
20 9999 180 9999 76 9999 12 159 71 9999 93 87 14 152
151 23 42 118 9999 98 165 176 147 132 9999 35 75 9999

6 14
158 164 192 75 41 96
113 80 82 83 189 196 128 107 98 116 9 92 88 192
9999 72 9999 9999 127 66 65 181 9999 2 9999 199 9999 130
184 191 189 9999 9999 9999 9999 128 9999 9999 9999 157 9999 9999
127 9999 9999 24 190 172 128 9999 74 55 25 41 117 109
9999 177 12 166 151 9999 9999 9999 39 9999 61 9999 27 9999
160 188 9999 9999 19 9 184 156 137 196 41 9999 18 166
61 72 187 42 133 9999 9999 21 120 54 157 9999 131 180

6 14
69 37 23 64 51 114
125 185 123 153 156 96 42 51 65 5 190 42 24 9
9999 9999 9999 137 9999 166 168 9999 190 9999 9999 75 9999 9999
9999 9999 61 9999 119 9999 9999 9999 9999 166 99 9999 63 9999
85 9999 89 127 7 145 9999 12 9999 121 137 100 152 181
182 21 4 9999 9999 119 9999 14 121 68 9999 123 56 69
152 80 136 9999 11 9999 91 128 33 9999 136 111 84 9999
9999 158 145 1 22 125 165 157 159 43 9999 98 9999 61

6 14
72 30 129 104 129 48
63 136 141 78 155 71 13 154 158 190 133 165 163 41
61 9999 9999 105 9999 9999 46 9999 9999 22 39 161 9999 9999
9999 96 75 9999 92 42 117 3 111 9999 178 9999 50 9999
160 37 50 35 9999 9999 45 66 19 134 83 9999 82 9999
199 92 107 9999 12 154 9999 9999 149 9999 9999 106 131 64
9999 171 9999 130 48 9999 9999 55 121 157 166 70 49 141
38 5 23 166 48 182 40 52 9999 177 37 81 9999 139

6 14
96 44 163 107 156 146
169 169 27 72 32 55 37 15 154 15 89 46 35 64
9999 9999 9999 9999 156 9999 111 9999 9999 9999 9999 139 9999 112
9999 9999 9999 81 9999 80 9999 23 97 9999 73 9999 13 9999
35 9999 189 9999 119 9999 9999 34 56 178 9999 168 9999 174
129 45 187 94 118 172 175 9999 68 10 9999 108 78 177
160 147 186 166 111 123 9999 11 148 9999 15 71 25 151
165 150 21 36 9999 114 63 151 9999 114 30 116 9999 9999

6 14
96 192 109 2 111 42
69 131 154 60 103 122 114 137 52 166 1 193 102 173
9999 9999 39 9999 9999 9999 9999 9999 9999 193 138 9999 189 12
85 9999 70 149 190 9999 199 72 21 9999 62 135 175 9999
9999 67 9999 9999 9999 35 66 9999 9999 7 9999 9999 69 9999
106 9999 22 191 180 93 141 189 44 131 172 9999 9999 24
21 68 5 27 9999 107 190 151 192 124 166 167 45 60
145 77 22 175 14 5 9999 9999 125 15 9999 45 9999 101

6 14
121 104 193 30 178 168
45 72 98 137 18 165 178 187 62 8 115 179 43 184
9999 9999 88 58 9999 135 126 9999 29 9999 9999 18 9999 9999
9999 9999 9999 175 29 71 78 125 9999 56 9999 56 9999 9999
10 148 57 9999 183 9999 9999 9999 9999 9999 177 9999 176 174
22 165 23 2 9999 9999 28 6 90 30 9999 9999 152 128
94 181 9999 26 129 28 9999 130 9999 9999 6 88 64 103
171 43 45 16 145 130 102 181 126 187 139 132 185 114

6 14
110 103 67 91 39 87
72 165 57 83 74 163 10 151 184 107 61 197 155 160
9999 9999 9999 9999 34 93 75 9999 121 49 9999 161 9999 38
9999 9999 9999 147 9999 190 9999 9999 9999 9999 167 76 9999 86
116 6 189 9999 41 157 121 92 122 9999 186 56 79 123
38 58 136 9999 94 127 114 119 167 150 60 14 45 9999
50 27 188 152 9999 9999 149 9999 9999 9999 167 9999 9999 9999
9999 182 155 140 158 123 14 99 70 135 186 113 184 165

6 14
73 8 30 191 118 114
136 52 150 72 10 48 173 184 83 141 181 10 55 120
182 9999 9999 9999 9999 9999 9999 9999 37 9999 9999 9999 76 9999
119 186 9999 9999 9999 9999 9999 110 9999 9999 138 9999 9999 40
9999 142 9999 2 9999 165 9999 73 9999 61 153 9999 185 9999
180 178 87 23 74 9999 8 9999 169 38 9999 5 9999 55
9999 130 115 9999 199 96 150 163 33 31 38 172 128 78
9999 9999 46 155 33 119 163 169 159 177 15 73 21 105

6 14
87 78 134 148 175 52
155 131 8 128 42 86 29 18 47 183 166 51 57 95
9999 187 9999 124 9999 9999 9999 176 46 9999 9999 9999 9999 9999
21 9999 9999 9999 26 134 9999 189 156 169 41 9999 9999 9999
9999 9999 28 87 128 8 159 9999 9999 9999 50 9999 87 133
121 80 38 9999 46 9999 9999 92 9999 42 38 4 109 181
191 152 3 185 9999 88 158 35 91 89 9999 134 119 122
30 133 94 10 62 43 190 18 54 9999 196 18 168 9999

6 14
107 116 79 36 13 126
151 177 75 133 130 58 29 49 59 41 21 31 68 161
9999 3 68 9999 9999 144 9999 9999 187 82 9999 9999 175 9999
9999 170 9999 151 155 9999 86 75 120 9999 9999 104 189 150
88 101 9999 65 185 15 9999 9999 3 86 181 29 58 4
22 9999 18 193 111 115 8 27 9999 2 131 9999 9999 36
117 43 37 78 9999 9999 9999 9999 35 182 173 9999 51 9999
8 9999 48 5 9999 9999 18 88 9999 26 52 171 3 9999

6 14
133 137 2 143 98 38
169 111 122 82 56 63 179 48 34 147 51 162 9 57
9999 81 46 9999 4 9999 9999 152 9999 9999 148 58 9999 53
87 9999 15 22 95 113 9999 9999 9999 160 9999 161 25 9999
178 9999 104 182 9999 145 191 61 153 199 188 9999 111 9999
69 9999 9999 9999 36 9999 9999 9999 9999 9999 115 51 55 138
144 154 65 9999 68 38 29 9999 156 11 9999 155 88 9999
9999 21 166 26 131 9999 156 86 130 86 122 9999 131 21

6 14
127 99 169 5 88 90
59 31 41 130 110 161 54 94 99 39 25 171 55 140
9999 9999 9999 182 111 9999 9999 9999 9999 9999 9999 156 9999 9999
9999 194 75 58 9999 56 193 86 9999 42 149 42 9999 11
9999 9999 191 9999 9999 165 9999 28 74 42 105 62 84 52
19 85 9999 86 9999 9999 44 9999 13 9999 129 9999 48 99
80 105 89 117 107 109 187 141 50 199 190 135 13 129
100 78 9999 82 199 122 106 35 32 106 9999 62 176 167

6 14
134 119 71 152 45 184
20 113 166 105 187 99 183 145 49 49 108 161 176 137
9999 116 9999 15 9999 9999 100 9999 175 174 9999 9999 9999 185
152 186 9999 172 149 181 9999 79 68 137 9999 37 47 25
9999 9999 20 20 9999 9999 9999 9999 9999 9999 51 174 9999 9999
20 169 100 9999 9999 109 150 9999 37 16 9999 150 24 9999
184 9999 75 77 28 93 44 197 21 44 17 40 45 178
9999 9999 153 87 91 9999 189 43 40 173 151 9999 154 153

6 14
167 192 61 19 134 47
98 95 8 142 143 102 175 45 80 59 165 111 28 29
9999 9999 162 160 9999 9999 103 9999 18 9999 9999 9999 189 9999
81 9999 9999 72 108 9999 9999 9999 136 9999 33 9999 135 80
9999 9999 116 6 161 74 162 112 9999 9999 144 75 9999 90
38 107 95 9999 13 190 10 157 9999 119 131 15 151 9999
9999 174 9999 9999 9999 136 91 42 183 171 47 37 60 175
183 134 121 9999 158 75 32 100 78 11 91 74 54 49

6 14
122 188 28 170 128 120
104 38 35 22 136 181 132 132 96 137 15 181 92 117
9999 79 75 9999 183 33 9999 9999 9999 21 9999 9999 155 149
3 9999 97 9999 108 156 60 9999 13 139 9999 160 17 16
199 9999 9999 147 9999 131 9999 146 29 9999 9999 9999 9999 62
69 31 9999 33 9999 146 23 150 9999 9999 83 9999 9999 93
9999 14 120 24 9999 9999 9999 193 31 99 167 92 180 163
145 127 20 95 157 197 185 117 171 9999 191 95 86 141

6 14
51 32 5 145 76 42
85 70 121 118 126 54 45 20 196 2 189 182 190 92
9999 102 9999 9999 9999 9999 105 9999 178 9999 9999 26 9999 9999
9999 9999 166 5 9999 9999 126 9999 9999 111 196 9999 9999 9999
31 102 69 9999 9999 195 174 91 101 67 110 174 189 184
9999 63 9999 41 146 61 9999 9999 9999 9999 184 51 44 9999
86 151 131 27 128 9999 171 53 93 24 9999 9999 142 118
93 9999 9999 9999 28 125 18 30 146 57 124 32 9999 183

6 14
40 24 71 16 72 40
169 191 93 56 172 192 130 10 167 156 55 1 106 76
63 9999 163 90 9999 164 9999 79 9999 64 9999 166 9999 124
9999 70 9999 9999 9999 110 9999 9999 32 52 9999 9999 9999 134
9999 9 137 158 9999 45 36 135 9999 9999 9999 9999 123 40
195 59 9999 138 181 186 42 9999 133 119 29 187 9999 9999
199 192 57 9999 199 71 146 104 55 59 126 110 19 9999
117 9999 37 9999 164 9999 1 176 183 9999 111 179 61 2

6 14
93 87 75 40 147 124
48 137 169 63 85 81 12 95 149 27 90 46 26 30
9999 19 9999 9999 50 9999 9999 181 58 9999 9999 126 9999 153
14 69 83 9999 36 194 9999 9999 9999 71 122 49 9999 186
9999 9999 31 23 9999 9999 188 175 9999 9999 58 9999 47 84
145 9999 164 9999 199 9999 116 37 104 9999 82 9999 196 9999
9999 180 9999 175 9999 92 79 9999 196 196 36 172 154 180
2 61 46 148 65 27 80 116 170 103 167 36 88 190

6 14
135 39 181 53 185 188
111 115 186 59 96 77 122 25 36 169 186 145 36 48
9999 9999 9999 9999 9999 2 119 9999 90 9999 9999 189 172 2
84 142 9999 161 13 9999 71 9999 9999 9999 12 3 9999 9999
9999 9999 189 44 9999 163 9999 3 29 103 9999 178 9999 9999
105 198 164 90 135 9999 9999 181 194 38 9999 94 42 189
65 196 35 55 46 7 9999 14 9999 9999 9 9999 88 115
9999 132 164 9999 144 194 143 189 17 147 35 90 63 63

6 14
46 3 98 22 161 188
117 102 1 45 142 45 56 187 193 8 22 182 174 33
27 9999 32 67 9999 9999 9999 134 9999 9999 86 9999 9999 9999
167 12 187 9999 9 177 9999 9999 9999 83 63 102 196 9999
9999 9999 9999 79 171 180 5 9999 132 9999 161 9999 9999 111
177 9999 9999 9999 29 9999 18 106 168 62 9999 35 26 9999
9999 17 82 112 152 184 10 9999 31 33 74 70 10 141
9999 28 9999 22 44 64 105 98 129 122 158 143 9999 107

6 14
173 106 123 103 33 71
47 24 56 54 157 38 159 47 94 87 150 196 121 119
62 9999 171 9999 9999 9999 9999 44 9999 59 9999 9999 9999 9999
105 9999 9999 9999 59 9999 9999 9999 157 17 2 122 9999 13
9999 149 9999 165 144 9999 55 9999 53 182 22 46 39 145
166 9999 62 139 55 56 118 161 9999 174 118 114 53 158
9999 189 85 9999 9999 179 14 9999 9999 9999 53 77 9999 9999
9999 170 43 9 156 108 58 32 177 155 42 45 22 41

6 14
113 2 144 76 16 166
45 156 134 36 110 146 170 23 9 40 66 137 146 51
9999 9999 134 9999 9999 158 9999 9999 9999 9999 57 81 182 9999
9999 76 9999 9999 169 9999 9999 43 9999 34 9999 9999 166 9999
9999 145 95 84 74 3 50 35 66 9999 137 9999 9999 190
57 65 9999 39 86 111 139 155 9999 36 85 169 177 144
11 183 9999 86 13 9999 9999 129 157 9999 9999 118 60 177
150 75 118 28 163 26 171 9999 24 40 144 190 180 50

6 14
80 128 11 134 76 78
99 142 95 110 35 44 124 41 197 110 79 77 3 32
86 9999 9999 9999 9999 162 167 142 9999 9999 9999 9999 9999 9999
55 24 80 9999 9999 9999 35 9999 9999 153 199 49 9999 95
9999 146 167 91 66 96 9999 9999 100 9999 65 9999 185 9999
186 34 9999 87 114 13 121 9 81 170 9999 100 9999 188
9 66 9999 132 139 9999 47 1 137 3 9999 7 91 58
9999 184 48 143 89 90 33 104 170 9999 30 180 45 59

6 14
31 169 34 196 77 25
69 197 143 65 172 193 133 122 27 137 4 133 27 49
97 9999 26 9999 9999 40 9999 9999 12 9999 106 110 9999 9999
101 9999 48 127 123 9999 55 58 9999 158 9999 9999 9999 169
9999 53 9999 122 194 61 106 153 126 9999 9999 9999 122 9999
108 13 9999 107 44 9999 9999 84 95 195 63 183 8 135
9999 71 160 23 58 9999 95 189 9999 32 103 158 115 9999
22 80 187 118 9999 178 69 9999 33 113 73 97 104 88

6 14
119 71 184 105 109 113
150 179 77 194 167 88 117 102 34 23 131 114 15 6
188 70 9999 9999 9999 77 196 9999 9999 9999 76 112 9999 9999
9999 9999 9999 176 83 9999 155 9999 178 51 9999 47 9999 78
73 9999 9999 115 107 128 9999 12 171 149 143 166 9999 108
9999 123 155 173 9999 114 89 197 69 9999 3 26 22 23
92 9999 122 163 17 9999 9999 91 9999 9999 9999 9999 109 128
10 115 83 183 180 152 9999 174 153 49 159 59 7 197

6 14
86 54 92 14 50 85
157 153 171 142 197 101 197 33 15 176 156 24 50 76
178 80 9999 9999 9999 22 31 27 9999 9999 138 104 9999 9999
9999 9999 130 9999 9999 9999 154 49 55 43 9999 9999 32 157
140 9999 141 9999 122 27 9999 9999 9999 9999 9999 109 9999 45
9999 177 48 90 144 6 189 9999 98 88 9999 9999 90 6
24 9999 121 164 142 9999 138 9999 25 54 62 99 138 116
158 186 9999 188 9999 9 9999 49 13 106 42 9999 194 26

6 14
54 194 83 92 2 90
121 8 31 176 91 48 128 68 40 118 71 148 65 114
9999 9999 9999 9999 9999 9999 9999 9999 86 160 77 9999 131 158
163 9999 9999 7 111 38 34 9999 9999 9999 9999 9999 9999 9999
3 173 88 14 9999 1 9999 15 144 9999 9999 67 9999 9999
19 158 119 9999 71 86 31 190 158 192 9999 55 9999 135
5 29 134 9999 148 77 138 29 183 11 99 123 148 194
9999 107 171 135 64 9999 189 84 9999 162 75 18 48 120

6 14
102 44 191 129 15 191
89 121 63 128 149 2 32 109 135 5 170 195 80 134
9999 4 9999 9999 9999 9999 9999 9999 9999 9999 96 9999 9999 9999
8 9999 9999 94 9999 9999 144 31 11 9999 9999 136 87 135
9999 89 29 9999 182 161 194 118 174 9999 53 9999 9999 9999
9999 61 130 152 179 61 8 174 168 90 75 47 9999 56
162 165 144 9999 48 71 9999 77 108 180 9999 9999 99 56
47 9999 84 104 114 39 191 88 9999 12 142 66 198 82

6 14
45 180 116 36 152 36
10 30 195 77 3 20 92 59 158 134 98 108 3 170
60 9999 9999 124 160 9999 75 185 9999 193 9999 9999 9999 87
9999 9999 158 154 9999 196 9999 9999 9999 9999 164 138 66 9999
7 187 9999 73 9999 97 116 9999 78 179 65 158 162 55
20 8 98 170 136 29 21 9999 112 116 9999 9999 9999 73
158 94 9999 9999 9999 155 114 198 140 9999 9999 120 129 9999
194 17 26 65 40 81 105 63 168 139 59 115 198 96

6 14
154 48 65 159 87 55
14 118 26 11 114 21 48 121 169 144 164 71 137 53
9999 9999 9999 131 53 9999 85 9999 9999 9999 9999 9999 118 125
52 143 71 9999 9999 9999 161 9999 9999 9999 116 40 194 9999
156 159 10 9999 2 186 9999 22 9999 194 163 158 9999 115
44 127 9999 127 107 166 4 148 20 192 199 9999 9999 33
19 9999 46 9999 91 191 9999 199 86 81 55 57 45 9999
9999 107 9999 158 176 167 60 177 128 20 155 190 140 9999

6 14
74 139 173 83 147 100
182 39 11 122 81 93 102 3 166 114 123 167 176 15
9999 9999 9999 9999 9999 185 9999 9999 121 14 9999 9999 9999 9999
9999 9999 71 9999 9999 9999 172 9999 9999 171 138 105 113 145
100 9999 47 55 83 130 9999 94 59 9999 9999 9999 9999 112
93 106 156 95 45 66 21 192 9999 9999 158 137 9999 9999
59 115 185 106 134 9999 41 195 19 9999 5 195 55 46
9999 136 9999 9999 79 22 33 140 192 197 93 9999 174 22

6 14
198 106 109 68 193 20
193 8 10 5 5 90 114 53 125 54 153 110 31 51
9999 84 9999 1 54 9999 126 9999 106 33 9999 9999 9999 120
15 39 9999 9999 64 92 9999 30 9999 9999 188 9999 124 29
9999 9999 171 158 103 162 119 9999 99 47 9999 9999 9999 195
146 25 142 9999 171 14 9999 135 99 168 29 120 9999 9999
9999 103 113 100 9999 9999 75 168 9999 142 85 86 175 9999
105 148 163 9999 9999 142 188 105 69 61 94 17 157 105

6 14
48 62 58 4 129 39
145 117 28 144 58 68 87 94 68 67 149 30 184 55
9999 104 154 9999 9999 9999 9999 9999 9999 32 9999 9999 2 187
189 9999 9999 178 79 9999 1 55 146 9999 9999 79 110 9999
9999 104 177 157 121 9999 15 7 9999 193 9999 36 9999 193
21 75 146 174 35 153 158 9999 105 138 182 115 43 67
124 95 164 12 92 194 55 68 50 9999 8 9999 50 9999
188 9999 9999 188 9999 89 74 9999 79 140 116 12 9999 9999

6 14
117 33 38 83 153 179
52 37 31 92 150 143 130 157 167 195 105 148 165 129
9999 36 51 9999 9999 9999 98 9999 9999 9999 127 23 186 57
100 9999 108 135 147 9999 9999 9999 144 119 9999 177 9999 153
6 159 9999 9999 150 101 9999 45 23 150 95 9999 9 117
9999 9999 90 62 65 9999 42 71 30 57 9999 17 131 9999
16 9999 187 164 9999 177 55 9999 113 59 72 9999 83 172
129 103 123 9999 159 181 9999 143 168 9999 56 29 9999 46

6 14
146 122 172 89 148 61
37 17 60 181 6 167 171 116 198 94 16 31 170 32
9999 9999 9999 9999 92 9999 84 9999 9999 170 9999 9999 9999 9999
166 146 9999 9999 76 196 49 15 124 143 100 30 36 149
143 9999 111 132 9999 177 11 9999 9999 9999 15 165 9999 64
70 130 9999 13 9999 9999 102 120 152 147 196 49 147 158
9999 108 137 171 9999 9999 184 155 107 173 187 134 9999 105
184 170 165 118 89 27 9999 132 92 9999 9999 9999 189 9999

6 14
24 16 141 129 66 30
27 4 124 67 2 120 85 11 142 117 54 173 102 155
118 191 9999 9999 43 118 9999 52 9999 52 68 9999 149 14
92 9999 9999 9999 9999 9999 69 9999 181 9999 164 44 141 9999
9999 9999 22 95 50 9999 9999 9999 112 9999 9999 9999 9999 68
9999 4 54 29 147 9999 12 10 41 172 145 9999 9999 159
9999 130 124 117 12 99 106 87 65 9999 161 34 114 79
140 177 152 98 9999 40 122 9999 163 186 179 119 136 11

6 14
151 154 33 77 186 59
11 8 133 184 72 127 97 150 23 156 167 167 38 6
9999 9999 9999 188 176 9999 179 9999 111 4 162 9999 144 170
9999 9999 65 9999 119 133 9999 9999 9999 9999 9999 160 9999 9999
73 9999 66 9999 9999 9999 130 120 9999 20 29 9999 9999 98
118 58 9999 37 48 9999 9999 192 166 151 9999 3 187 9999
106 45 133 16 194 140 103 52 51 9999 48 9999 63 192
57 75 39 157 56 54 147 9999 175 19 9999 105 3 128

6 14
189 187 142 148 183 28
28 183 117 164 64 75 152 165 78 162 3 76 183 180
9999 177 85 9999 9999 78 9999 128 9999 9999 199 9999 2 168
9999 9999 9999 101 9999 75 9999 9999 145 19 9999 9999 91 158
172 65 9999 98 57 9999 107 9999 35 21 9999 89 67 9999
9999 9999 60 9999 143 9999 9999 83 9999 9999 4 9999 182 9999
141 155 10 9999 118 180 181 152 39 123 55 96 9999 7
27 161 9999 62 142 192 88 9999 9999 9999 121 78 9999 9999

6 14
122 79 181 84 198 180
176 134 145 124 139 57 11 92 29 2 23 5 137 6
99 9999 9999 9999 112 199 9999 130 39 9999 9999 128 118 9999
9999 9999 9999 165 56 9999 9999 8 30 102 99 9999 9999 9999
9999 175 119 9999 9999 9999 152 111 9999 132 9999 57 9999 92
152 110 43 76 9999 83 90 9999 9999 161 108 14 11 111
9999 97 173 132 179 120 123 195 102 53 181 129 80 113
22 9999 145 127 9999 9999 150 9999 9999 178 64 46 93 7

6 14
9 126 45 11 134 113
56 10 84 166 198 59 189 199 55 68 5 52 67 1
9999 64 9999 9999 121 139 148 9999 86 9999 9999 92 9999 190
9999 174 9999 9999 9999 150 78 9999 162 9999 9999 135 9999 29
197 118 173 8 9999 9999 9999 169 9999 1 128 126 193 9999
155 186 103 9999 79 34 82 9999 136 9999 9999 9999 6 16
176 16 189 93 50 9999 169 10 159 193 195 138 180 9999
9999 9999 9999 22 157 163 9999 10 89 59 3 167 9999 10

6 14
88 137 58 46 140 188
154 23 188 88 38 124 12 79 90 196 69 18 21 144
9999 9999 9999 105 9999 9999 191 9999 9999 9999 67 9999 9999 9999
154 9999 9999 47 73 20 165 9999 114 76 107 9999 196 117
9999 124 72 9999 36 90 9999 162 85 55 121 90 18 94
130 9999 9999 116 95 113 113 69 79 64 9999 58 112 101
13 149 136 83 34 148 180 132 180 9999 9999 9999 31 9999
22 84 196 128 9999 9999 9999 16 9999 14 9999 62 7 121

6 14
32 59 111 104 104 128
84 156 92 8 158 35 159 24 189 194 10 174 80 51
9999 9999 160 85 114 9999 144 9999 9999 189 46 90 9999 9999
50 101 9999 12 122 9999 12 9999 177 187 9999 9999 9999 9999
9999 31 9999 180 9999 49 152 198 9999 9999 9999 10 129 106
194 45 34 130 159 192 74 14 141 36 59 22 9999 180
171 69 9999 9999 9999 139 9999 9999 9999 125 19 35 146 27
113 9999 97 9999 119 159 168 183 114 139 71 28 100 165

6 14
146 24 46 122 138 32
30 53 104 171 138 124 182 83 191 111 21 58 109 120
9999 3 9999 138 9999 117 9999 70 9999 99 9999 61 181 9999
118 9999 184 9999 105 9999 33 9999 153 9999 9999 12 121 131
9999 23 9999 199 9999 9999 185 83 51 17 9999 88 43 114
116 21 133 9999 9999 104 9999 182 9999 76 45 9999 9999 9999
157 9999 83 176 130 75 132 153 38 50 42 9999 123 24
167 131 197 65 47 9999 9999 155 46 104 169 9999 9999 188

6 14
166 45 81 74 11 165
139 19 142 105 92 189 37 64 129 115 166 123 88 51
9999 9999 180 9999 9999 9999 100 9999 9999 9999 9999 9999 30 9999
155 9999 104 120 198 9999 150 9999 9999 18 9999 9999 121 9999
73 183 9999 9999 43 147 9999 39 118 9999 184 141 9999 178
9999 151 130 179 74 55 9999 9999 23 36 9999 141 96 163
88 67 9999 141 9999 17 122 11 51 16 99 162 9999 73
146 168 196 137 1 9999 67 149 32 72 188 90 154 172

6 14
43 61 123 141 45 63
32 159 195 149 106 79 66 186 24 140 73 61 40 76
9999 9999 9999 9999 9999 9999 9999 9999 9999 149 9999 9999 197 9999
123 20 9999 9999 107 9999 90 9999 38 106 113 9999 9999 139
9999 174 155 27 50 89 154 9999 15 177 9999 17 103 100
192 134 9999 146 9999 36 87 141 9999 9999 46 30 79 154
188 107 30 159 77 23 144 11 4 52 153 87 116 9999
169 47 92 195 9999 159 34 51 164 101 69 49 46 73

6 14
62 59 132 150 40 80
19 61 175 45 191 70 145 82 144 53 124 164 63 119
3 9999 9999 9999 183 9999 19 9999 9999 9999 96 9999 9999 9999
171 9999 196 81 48 9999 190 28 9999 9999 103 9999 25 9999
9999 9999 35 191 121 145 9999 9999 7 2 199 68 9999 150
9999 142 158 8 9999 187 9999 27 47 133 9999 9999 99 37
28 182 77 160 9999 128 9999 9999 65 23 198 15 9999 130
35 147 9999 41 161 91 174 119 67 9999 46 46 185 31

6 14
85 179 81 164 168 139
93 104 141 65 143 83 127 30 50 114 120 49 114 168
9999 9999 26 156 9999 9 161 9999 9999 9999 9999 2 119 55
9999 100 18 9999 9999 9999 144 129 9999 76 9999 12 9999 108
9999 97 129 144 42 9999 41 16 9999 26 9999 197 117 9999
84 9999 9999 107 67 7 33 151 71 9999 65 55 166 9999
100 75 184 28 18 166 6 77 15 64 150 95 27 9999
158 118 142 166 173 169 8 14 198 107 190 9999 109 53

6 14
114 134 117 136 90 155
64 7 81 124 137 10 154 1 71 78 29 13 82 76
9999 9999 67 9999 9999 9999 9999 9999 9999 9999 9999 124 9999 179
124 57 9999 82 9999 9999 10 9999 9999 196 9999 9999 55 9999
98 52 124 9999 143 126 9999 34 177 59 154 187 43 140
9999 147 126 156 9999 24 9 132 9999 9999 63 161 9999 161
146 39 179 187 114 160 125 119 15 86 47 62 36 17
58 62 9999 96 152 110 9 15 138 9999 14 9999 49 9999

6 14
143 84 158 139 67 5
28 103 20 79 150 127 91 132 196 129 132 177 56 135
9999 141 9999 9999 9999 86 9999 9999 9999 30 160 22 9999 9999
9999 9999 21 9999 26 9999 70 162 55 49 89 9999 9999 9999
135 9999 9999 182 120 194 11 93 161 34 9999 24 119 127
127 16 54 9999 155 9999 30 42 148 9999 9999 9999 9999 3
105 98 65 156 9999 96 9999 39 28 9999 92 155 53 81
109 144 2 184 182 63 142 21 104 78 74 59 93 1

6 14
12 87 134 114 3 152
14 79 85 89 131 60 151 141 76 132 34 77 182 163
9999 101 9999 9999 9999 9999 107 177 94 184 49 9999 9999 9999
9999 9999 9999 60 104 35 117 193 56 9999 2 123 158 9999
28 9999 36 104 9999 76 9999 9999 9999 9999 9999 9999 46 56
190 137 52 112 8 152 9999 9999 65 11 9999 198 9999 58
70 119 26 9999 9999 115 3 167 9999 39 39 188 131 42
97 13 76 9999 79 129 4 108 120 131 197 70 146 71

6 14
108 87 141 160 83 83
9 129 21 30 144 29 128 67 13 12 68 167 100 152
9999 9999 9999 9999 9999 9999 21 9999 9999 30 50 123 9999 9999
9999 9999 9999 95 72 9999 9999 31 9999 35 2 73 3 9999
150 9999 151 9999 165 185 70 9999 69 92 9999 119 129 9999
96 27 143 9999 9999 43 9999 152 6 9999 197 9999 189 186
73 147 144 144 86 9999 9999 125 9999 126 55 9999 9999 77
146 69 116 161 81 139 54 26 191 48 190 178 120 143

6 14
80 67 19 155 53 36
97 153 191 36 78 83 2 15 167 168 149 81 28 79
76 9999 9999 9999 9999 178 9999 9999 9999 9999 9999 9999 165 140
9999 37 9999 9999 9999 9999 9999 9999 151 9999 117 9999 9999 9999
123 134 46 8 169 9999 9999 24 9999 49 9999 9999 9999 5
9999 20 84 63 173 85 12 20 9999 9999 179 136 103 9999
128 9999 53 177 9999 64 92 9999 17 21 19 179 85 86
53 100 29 81 196 82 55 171 112 41 9999 192 199 9999

6 14
65 169 43 52 86 68
163 20 167 25 136 49 85 156 39 105 161 145 40 58
9999 192 9999 9999 9999 9999 28 9999 9999 9999 9999 9999 134 9999
141 9999 65 9999 9999 45 9999 9999 9999 71 9999 163 31 65
109 9999 159 110 9999 95 9999 9999 186 9999 9999 9999 45 126
60 5 9999 95 90 2 150 192 146 187 67 25 180 113
9999 198 105 53 73 106 80 114 9999 90 40 178 165 94
36 90 97 9999 46 80 92 70 24 43 9 194 9999 9999

6 14
6 18 84 8 147 40
116 135 151 195 140 118 72 86 15 1 190 166 184 147
121 9999 106 9999 157 9999 9999 9999 9999 9999 9999 48 9999 9999
9999 127 9999 9999 161 111 9999 9999 9999 65 73 117 130 186
148 91 9999 135 9999 9999 161 88 9999 9999 30 9999 164 9999
196 9999 11 91 9999 58 192 157 27 177 55 146 68 73
65 69 49 9999 19 16 39 64 131 56 9999 54 28 175
135 181 116 132 9999 173 88 16 85 9999 9999 9999 9999 192

6 14
50 22 86 62 80 20
2 142 116 103 103 66 43 84 116 17 34 74 60 73
2 9999 9999 132 138 37 9999 198 9999 9999 14 24 9999 103
9999 130 9999 34 9999 9999 147 10 173 31 8 190 73 9999
79 62 82 9999 77 9999 81 52 125 57 9999 94 128 22
149 24 101 45 157 9999 96 9999 9999 9999 189 41 20 9999
9999 9999 9999 9999 73 6 19 9999 112 182 9999 107 171 12
70 1 191 79 182 39 9999 142 117 74 146 9999 120 100

6 14
175 184 128 119 175 129
141 137 36 95 111 147 122 4 154 163 161 103 29 108
116 9999 76 9999 9999 9999 9999 9999 9999 166 9999 9999 9999 9999
9999 9999 147 101 51 46 86 9999 55 114 9999 141 177 9999
47 125 9999 9999 113 9999 159 155 9999 9999 93 130 43 36
156 9 103 125 137 80 109 59 171 64 142 161 186 171
9999 172 9999 144 9999 173 144 103 11 107 9999 9999 9999 173
159 142 150 85 49 80 4 163 93 44 183 9999 52 166

6 14
19 137 125 143 159 176
98 108 177 47 145 70 117 110 125 65 11 54 140 5
9999 9999 9999 170 9999 47 9999 9999 32 28 9999 9999 9999 150
36 75 9999 156 9999 24 9999 164 153 9999 28 9999 9999 9999
9999 9999 109 9999 130 9999 9999 9999 9999 173 191 34 110 191
29 112 73 172 9999 151 177 124 51 9999 9999 39 9999 125
78 111 14 180 155 41 43 77 9999 114 9999 9999 120 9999
167 175 101 151 116 9999 80 158 118 77 50 86 60 7

6 14
52 34 98 93 5 157
161 192 64 13 24 181 38 166 82 170 3 125 93 48
27 85 9999 9999 9999 9999 9999 9999 170 9999 9999 9999 9999 9999
124 9999 86 62 171 57 62 67 9999 172 9999 9999 7 112
9999 9999 33 9999 104 182 151 9999 46 4 22 9999 182 9999
167 12 189 28 9999 192 9999 175 1 9999 116 94 25 11
9999 9999 8 9999 52 9999 79 9999 87 84 124 169 163 109
8 144 9999 120 9999 9999 22 147 9999 116 82 58 37 127

6 14
190 68 169 27 145 176
156 102 37 13 35 67 24 9 93 185 26 81 10 109
9999 9999 9999 9999 56 9999 39 14 9999 9999 9999 9999 37 9999
62 169 9999 26 135 9999 59 42 9999 95 109 4 31 110
9999 9999 89 175 9999 70 9999 99 196 9999 9999 160 60 9999
9999 120 17 9999 9999 9999 9999 87 196 52 156 94 2 149
29 29 52 9999 9999 183 20 9999 75 9999 80 129 129 96
23 9999 165 106 129 71 57 163 107 76 3 104 9999 4

6 14
115 68 152 183 24 145
187 3 34 135 71 86 196 133 107 117 36 54 56 151
164 9999 9999 9999 9999 114 168 9999 9999 126 92 9999 9999 9999
9999 75 183 9999 190 9999 184 174 30 42 197 9999 142 16
9999 163 128 82 115 179 9999 67 56 82 9999 85 124 177
9999 66 65 90 9 122 160 56 9999 6 9999 9999 142 123
142 141 185 80 9999 35 195 9999 9999 9999 81 134 36 9999
172 9999 110 9999 45 9999 155 21 190 9999 76 136 9999 117

6 14
182 169 115 28 149 198
197 76 69 19 193 184 9 4 174 67 57 154 161 31
88 9999 9999 58 9999 9999 9999 69 9999 9999 4 9999 148 76
168 9999 9999 9999 38 133 9999 9999 9999 9999 9999 80 9999 9999
9999 48 9999 41 9999 103 104 97 14 159 69 70 163 15
84 56 113 9999 12 9999 29 78 80 115 9999 92 116 180
9999 80 111 80 49 86 38 166 121 85 81 173 9999 43
130 159 83 156 40 50 183 9999 78 97 36 86 46 9999

6 14
4 31 18 96 11 164
157 55 180 63 25 23 181 171 38 89 131 199 159 147
9999 62 9999 9999 9999 9999 13 118 9999 56 9999 103 60 9999
9999 63 9999 18 104 187 9999 9999 9999 9999 9999 8 9999 114
9999 148 9999 110 136 9999 34 78 187 71 109 84 20 72
107 9999 168 9999 27 77 191 73 114 137 9999 75 9999 114
188 198 168 9999 80 80 112 158 169 9999 58 9999 177 33
86 191 145 39 9999 151 9999 136 44 40 180 9999 131 9999

6 14
194 177 96 184 55 78
87 46 198 174 137 2 117 155 172 52 141 182 105 150
134 167 82 9999 9999 9999 9999 9999 9999 27 9999 9999 9999 189
17 9999 9999 97 9999 9999 9999 9999 162 18 76 9999 64 186
97 16 9999 64 9999 9999 134 127 9999 90 9999 144 22 134
9999 9999 9999 194 97 190 32 53 179 9999 120 11 112 9999
9999 80 162 172 7 142 95 9999 9999 9999 78 23 158 150
136 162 162 46 40 159 104 107 143 28 119 94 80 6

6 14
42 13 9 55 91 192
195 31 91 197 155 7 170 105 29 29 25 128 177 150
9999 9999 9999 9999 9999 9999 9999 145 9999 9999 9999 9999 9999 9999
9999 9999 86 135 9999 71 9999 161 124 9999 9999 23 40 139
31 172 93 57 97 9999 9999 9999 9999 9999 69 58 9999 9999
152 9999 9999 149 9999 109 30 44 9999 165 157 187 95 117
9999 102 9999 27 39 176 182 142 81 16 44 9999 181 174
99 120 188 9999 160 136 102 98 156 25 35 125 50 77

6 14
125 59 55 173 157 74
32 152 119 93 25 129 131 194 24 70 152 2 101 62
78 9999 24 69 134 9999 158 9999 18 34 145 116 9999 42
9999 29 9999 9999 97 9999 9999 175 9999 9999 9999 9999 45 9999
115 9999 9999 189 9999 15 9999 9999 9999 16 9999 103 16 173
9999 38 11 9999 46 48 169 101 95 9999 144 9999 196 9999
9999 140 148 3 9999 74 9999 9999 151 145 98 104 134 18
32 50 71 14 163 9999 112 189 107 140 132 108 9999 106

6 14
184 36 86 68 81 55
74 163 137 88 184 139 17 64 142 119 140 70 175 62
9999 9999 85 9999 195 9999 9999 9999 9999 177 9999 9999 197 75
195 107 9999 9999 9999 93 9999 9999 150 9999 194 9999 9999 9999
9999 121 55 63 9999 101 28 23 93 104 9999 153 9999 180
36 9999 166 143 72 53 176 9999 128 51 171 9999 25 9999
9999 9999 23 72 120 9999 9999 105 13 9999 61 159 9999 68
148 115 19 9999 54 9999 15 16 185 99 12 71 7 9999

6 14
102 75 35 80 23 16
100 190 174 87 191 76 181 3 88 74 52 49 116 85
9999 155 9999 69 9999 95 9999 9999 191 9999 127 16 171 9999
171 9999 9999 81 9999 9999 194 9999 9999 38 9999 9999 159 61
9999 99 159 9999 152 9999 51 53 9999 9999 30 143 2 1
62 48 179 23 145 190 9999 66 151 9999 9999 9999 9999 93
61 54 118 97 9999 26 9999 9999 9999 132 171 109 9999 89
103 168 108 133 63 9999 52 171 15 44 79 32 9999 134

6 14
82 2 11 172 161 101
159 77 117 180 187 12 167 150 69 74 54 62 62 162
180 47 9999 9999 9999 9999 9999 102 175 9999 9999 9999 9999 9999
9999 127 119 9999 163 57 12 9999 124 9999 9999 89 113 81
85 9999 66 9999 80 5 9999 60 79 134 55 133 167 89
9999 115 9999 195 9999 67 87 49 9999 183 161 9999 9999 194
45 23 9999 88 98 9999 54 91 182 26 82 65 35 9999
7 51 31 155 51 3 12 9999 37 155 46 16 4 112

6 14
124 18 172 107 36 193
134 77 30 54 170 182 64 162 155 164 15 28 199 154
94 73 9999 169 9999 9999 9999 20 9999 9999 9999 9999 9999 84
9999 9999 9999 9999 51 37 9999 9999 9999 131 9999 9999 99 65
9999 9999 9999 136 9999 9999 9999 37 29 9999 116 88 164 199
82 9999 104 161 138 15 3 45 193 107 50 10 145 20
9 173 76 9999 191 68 14 189 28 9999 176 184 9999 9999
124 128 57 151 9999 169 72 9999 9 103 2 177 9999 151

6 14
146 29 158 118 59 57
162 64 19 180 114 56 183 167 31 124 162 6 19 186
9999 83 9999 61 41 9999 9999 141 9999 9999 9999 196 119 9999
83 109 101 157 9999 156 9999 44 9999 188 28 190 9999 32
165 9999 112 9999 9999 168 130 9999 53 76 9999 35 9999 9999
9999 151 24 9999 108 18 153 9999 23 8 113 9999 102 36
98 103 9999 36 171 9999 75 133 44 9999 68 9999 29 4
162 9999 9999 97 70 82 196 27 9999 30 168 132 77 23

6 14
176 144 33 49 157 175
139 195 178 90 55 92 124 82 85 23 82 92 189 156
9999 9999 175 47 9999 28 9999 9999 9999 9999 53 127 9 9999
141 102 9999 77 9999 85 4 9999 89 28 136 33 9999 41
9999 9999 56 173 29 9999 9999 97 90 182 9999 9999 40 9999
70 12 9999 9999 155 49 197 196 125 9999 124 105 73 111
9999 26 137 163 111 38 198 95 9999 57 9999 29 176 41
5 135 9999 9999 59 19 39 71 46 34 171 9999 13 50

6 14
20 153 137 43 36 43
68 197 125 157 154 171 185 52 117 154 117 144 27 84
9999 9999 120 9999 9999 9999 9999 9999 9999 21 131 9999 9999 77
9999 185 99 67 135 9999 192 161 9999 105 9999 9999 145 144
153 9999 9999 9999 9999 63 9999 91 64 139 86 78 153 168
143 154 140 9999 145 9999 81 9999 9999 136 185 154 91 9999
42 52 77 49 131 88 67 9999 84 2 9999 5 9999 159
188 9999 9999 166 96 107 123 82 34 57 162 9999 25 9999

6 14
65 93 93 175 31 46
199 183 132 53 136 178 123 14 111 122 82 63 45 74
9999 137 9999 5 9999 114 13 9999 9999 9999 9999 9999 9999 9999
9999 9999 136 9999 9999 148 162 101 98 9999 9999 72 9999 1
9999 9999 175 9999 5 9999 9999 9999 104 9999 66 25 183 9999
31 174 56 37 113 9999 9999 14 9999 75 32 186 50 147
56 148 40 129 131 102 162 167 177 131 173 110 9999 74
26 9999 9999 70 66 9999 71 20 113 192 9999 96 117 93

6 14
170 40 85 77 65 78
165 177 165 189 183 41 9 123 110 3 75 69 29 16
9999 9999 9999 9999 188 176 9 40 190 164 9999 178 9999 14
9999 9999 161 171 9999 9999 9999 9999 68 9999 66 112 9999 177
137 83 8 172 9999 64 9999 1 141 11 9999 9999 27 9999
97 19 80 4 9999 66 176 56 141 13 25 9999 1 158
116 121 50 152 117 9999 70 159 9999 157 195 50 7 9999
123 34 104 9999 119 27 75 9999 127 9999 53 106 142 49

6 14
152 73 64 14 112 160
106 145 129 19 15 72 150 150 91 87 158 88 53 108
9999 9999 9999 174 9999 9999 49 9999 9999 105 9999 150 197 47
9999 136 62 9999 110 9999 9999 169 9999 190 9999 9999 9999 9999
178 104 9999 9999 9999 189 130 9999 9999 9999 179 9999 9999 91
50 9999 48 90 9999 9999 116 50 98 23 9999 33 38 127
9999 75 37 9999 85 22 76 134 64 122 60 42 125 9999
77 49 122 124 148 199 12 199 13 9999 15 36 134 44

6 14
67 42 187 81 40 150
136 107 17 93 136 120 188 108 180 40 33 68 175 30
100 9 9999 116 142 2 9999 9999 9999 148 9999 6 41 9999
9999 40 76 66 9999 9999 49 114 9999 138 9999 59 102 9999
118 9999 7 9999 9999 106 9999 9999 184 9999 158 18 9999 31
125 9999 9999 149 183 7 160 134 109 173 14 43 58 183
35 8 139 9999 29 123 137 9999 40 69 106 9999 9999 93
85 76 5 37 62 86 86 24 19 9999 38 125 10 9999

6 14
175 137 81 170 170 21
176 191 149 12 115 17 47 59 161 14 98 9 199 162
9999 9999 43 9999 9999 9999 9999 9999 155 9999 167 9999 116 105
162 20 52 3 173 9999 9999 9999 9999 9999 9999 186 9999 178
9999 9999 183 123 9999 9999 70 149 136 147 9999 179 99 180
50 40 9999 46 82 199 57 153 9999 153 9999 52 9999 165
9999 119 9999 32 171 69 111 27 38 31 64 125 4 9999
110 9999 9999 171 38 142 45 9999 154 183 194 9999 146 12

6 14
97 28 113 16 92 178
25 25 43 48 123 130 6 24 124 35 14 166 199 149
94 9999 9999 9999 9999 9999 34 11 186 192 40 109 132 129
9999 75 111 9999 102 83 54 9999 9999 9999 9999 9999 9999 9999
12 98 9999 9999 43 133 153 139 9999 9999 133 75 74 9999
93 159 128 52 165 9999 9999 80 9999 181 9999 132 60 80
9999 9999 30 95 199 9999 58 9999 7 179 84 9999 9999 51
72 61 198 154 44 21 145 189 7 194 171 67 91 46


