4 5
199 114 29 170
114 44 3 115 172
9999 75 19 9999 192
9999 9999 12 15 9999
20 9999 9999 57 191
197 9999 9999 191 9999

4 5
29 97 111 2
4 42 50 110 117
98 13 9999 9999 39
2 9999 9999 87 9999
9999 25 9999 76 9999
80 25 142 88 14

4 5
29 135 75 85
150 66 33 121 20
9999 9999 189 180 95
153 61 9999 9999 136
73 9999 9999 144 55
124 32 75 156 9999

4 5
125 132 174 56
84 126 49 6 52
9999 9999 9 41 9999
172 126 9999 9999 94
15 137 198 73 146
166 13 9999 197 9999

4 5
51 190 94 91
95 160 32 29 52
9999 187 9999 9999 68
9999 9999 186 9999 79
3 69 47 44 193
173 34 9999 75 144

4 5
19 31 155 25
136 138 2 44 179
9999 133 111 73 50
9999 2 9999 9999 9999
168 9999 9999 9999 9999
126 35 9999 156 9999

4 5
185 189 171 190
85 38 60 50 11
100 9999 198 9999 9999
60 121 55 9999 175
9999 194 9999 168 9999
9999 89 1 9999 146

4 5
144 21 48 188
69 28 88 167 100
9999 9999 9999 9999 9999
9999 9999 69 9999 65
151 147 9999 79 9
15 9999 144 68 9999

4 5
103 91 4 157
78 23 174 45 76
9999 9999 9999 74 14
113 9999 9999 9999 9999
9999 162 2 109 9999
136 9999 90 43 84

4 5
65 70 53 152
190 118 74 148 104
97 9999 9999 123 195
9999 9999 177 195 9999
63 9999 9999 167 83
151 112 185 9999 174

4 5
72 176 140 81
113 11 117 95 26
9999 9999 38 135 9999
13 9999 9999 9999 72
134 126 128 8 14
75 31 5 9999 182

4 5
182 107 78 133
77 176 143 196 5
6 160 9999 9999 9999
9999 52 142 97 9999
9999 9999 9999 179 169
180 19 9999 102 151

4 5
105 108 32 148
104 28 153 158 122
37 157 9999 142 9999
9999 71 148 9999 69
105 9999 96 9 193
98 9999 54 30 47

4 5
115 85 112 91
198 10 68 177 152
9999 9999 27 138 9999
192 21 9999 9999 16
113 105 9999 9999 9999
33 9999 14 135 62

4 5
140 185 177 193
119 167 16 48 75
88 156 9999 9999 77
61 37 124 9999 9999
144 119 48 152 9999
9999 171 9999 61 150

4 5
10 68 57 97
59 31 147 34 73
65 9999 9999 9999 9999
9999 67 9999 32 180
14 57 141 155 174
9999 129 94 9999 90

4 5
172 167 16 188
77 195 29 128 54
9999 60 9999 152 48
77 186 9999 27 9999
88 140 9999 141 103
88 30 170 9999 152

4 5
109 118 157 187
109 76 61 28 93
74 9999 197 138 55
181 9999 8 9999 127
9999 90 9999 187 154
163 154 39 71 118

4 5
83 11 141 82
120 65 111 97 93
9999 97 80 9999 136
9999 160 66 121 4
100 9999 9999 28 9999
105 147 9999 80 129

4 5
185 137 61 6
7 162 128 105 155
9999 9999 26 30 88
18 9999 67 9999 9999
9999 50 9999 95 9999
9999 70 134 91 9999

4 5
30 45 184 170
47 73 187 192 117
186 79 9999 9999 9999
9999 9999 44 39 9999
185 124 165 123 9999
80 14 9999 147 73

4 5
154 144 110 18
42 165 53 83 68
9999 27 9999 157 9999
9999 18 31 9999 64
55 9999 169 99 100
163 112 9999 122 150

4 5
136 185 173 52
160 144 59 97 65
9999 9999 9999 4 69
105 157 9999 10 9999
63 9999 19 9999 9999
9999 114 9999 9999 179

4 5
156 41 121 72
124 89 156 3 91
9999 9999 141 9999 9999
9999 194 9999 136 9999
161 153 9999 99 153
9999 9999 9999 195 113

4 5
39 35 114 23
5 154 113 162 113
174 67 138 9999 9999
68 9999 9999 199 9999
165 9999 9999 114 9999
9999 184 9999 9999 186

4 5
111 161 109 41
38 165 88 199 185
9999 9999 9999 99 14
9999 9999 87 9999 9999
178 60 9999 9999 166
143 181 9999 109 80

4 5
125 156 41 124
21 43 47 63 98
147 165 9999 47 81
9999 195 64 9999 29
9999 9999 152 9999 9999
199 9999 151 125 9999

4 5
127 113 2 102
65 35 123 174 171
9999 66 56 9999 47
9999 9999 83 106 33
145 9999 9999 103 9999
119 115 9999 9999 9999

4 5
123 178 154 125
110 155 150 18 35
9999 9999 167 9999 84
145 9999 138 151 9999
9999 71 9999 9999 9999
92 37 100 9999 9999

4 5
89 73 63 164
141 191 36 14 32
117 9999 172 18 9999
9999 126 46 181 62
9999 9999 9999 9999 26
131 48 55 16 146

4 5
82 155 113 13
191 71 132 152 106
45 9999 9999 9999 9999
107 139 9999 152 9999
9999 39 68 175 9999
107 9999 33 9999 60

4 5
131 96 67 128
81 40 41 106 178
31 9999 26 9999 84
174 9999 9999 9999 9999
9999 9999 185 76 9999
9999 121 114 104 9999

4 5
107 119 64 156
43 103 53 67 59
20 69 9999 9999 126
129 9999 9999 165 94
20 73 6 9999 9999
58 9999 9999 9999 95

4 5
91 47 65 66
166 113 58 189 12
9999 157 98 9999 9999
128 9999 132 9999 151
9999 71 78 122 56
9999 145 44 9999 113

4 5
169 39 196 155
33 51 125 45 121
9999 114 9999 45 9999
9999 97 9999 102 9999
9999 16 9999 53 76
102 9999 12 9999 25

4 5
198 90 160 142
177 56 37 195 67
9999 16 182 9999 9999
132 9999 9999 9999 65
85 9999 108 17 9999
9999 112 87 72 9999

4 5
54 129 31 18
71 88 130 66 119
9999 80 77 195 9999
153 9999 65 53 48
9999 9999 9999 9999 30
9999 9999 161 24 9999

4 5
88 166 19 8
47 47 112 58 155
9999 56 46 132 161
9999 150 110 9999 9999
9999 9999 97 128 9999
97 9999 25 188 7

4 5
157 104 162 142
137 71 199 189 108
9999 199 9999 9999 9999
9999 9999 9999 9999 175
19 191 123 198 77
13 119 6 138 9999

4 5
2 93 20 101
158 1 169 182 114
9999 9999 139 9 9999
9999 121 9999 9999 57
9999 9999 165 64 146
176 70 22 14 9999

4 5
57 149 107 78
59 101 154 67 1
9999 81 9999 9999 9999
17 9999 9999 9999 9999
174 6 71 9999 9999
9999 109 172 51 33

4 5
161 74 150 177
99 87 60 67 31
9999 9999 79 9999 9999
9999 136 9999 183 49
109 25 65 18 9999
136 9999 9999 9999 9999

4 5
62 65 157 7
168 114 43 13 3
181 9999 150 111 9999
9999 71 9999 9999 26
9999 192 90 9999 149
194 90 146 138 11

4 5
119 92 194 102
114 151 92 10 59
9999 9999 55 9999 9999
9999 122 40 116 89
9999 99 126 9999 9999
111 48 19 186 139

4 5
32 54 18 170
15 49 165 95 146
9999 9999 9999 9999 9999
151 9999 24 131 9999
126 194 9999 100 115
9999 117 194 128 105

4 5
168 187 41 84
64 199 131 148 132
9999 9999 99 82 9999
9999 18 169 9999 9999
159 166 9999 9999 89
58 145 68 192 105

4 5
181 173 126 87
50 147 24 176 114
82 9999 9999 154 9999
24 52 137 9999 61
10 146 9999 46 9999
107 9999 147 174 21

4 5
152 108 155 138
42 158 161 97 170
9999 23 9999 9999 25
77 9999 9999 56 92
9999 174 86 193 77
9999 9999 136 9999 9999

4 5
117 57 101 42
88 135 9 114 78
9999 194 9999 12 67
100 9999 168 187 120
32 9999 9999 9999 9999
156 173 125 9999 9999

4 5
131 142 13 133
54 194 40 51 52
179 108 100 59 44
9999 9999 9999 25 113
65 9999 52 9999 9999
9999 159 9999 9999 122

4 5
176 189 51 167
140 115 140 105 113
9999 72 9999 9999 190
101 9999 9999 164 1
9999 57 100 56 9999
110 45 29 143 80

4 5
143 1 185 75
190 134 19 78 170
93 9999 9999 9999 9999
9999 94 9999 9999 9999
88 9999 181 85 9999
70 12 143 168 48

4 5
102 177 94 161
19 160 93 32 55
53 9999 116 105 9999
192 149 191 9999 9999
9999 9999 9999 83 151
149 162 9999 72 142

4 5
164 16 182 112
41 99 22 32 171
197 9999 74 9999 126
9999 9999 81 165 9999
166 19 50 9999 105
20 104 9999 178 9999

4 5
181 22 121 97
114 16 128 85 82
155 136 9999 182 9999
9999 3 9999 9999 137
23 9999 73 160 170
28 9999 135 9999 9999

4 5
92 111 159 166
167 85 61 98 98
9999 9999 48 9999 193
11 137 185 9999 69
9999 9999 9999 113 9999
101 54 43 5 164

4 5
120 136 171 158
71 60 114 27 103
9999 9999 43 9999 59
109 78 130 9 74
65 46 9999 9999 9999
9999 9999 87 160 124

4 5
96 65 172 124
28 36 71 77 105
9999 115 9999 9999 9999
9999 9999 74 171 180
99 163 9999 95 9999
59 172 67 131 43

4 5
25 53 74 165
1 93 186 100 34
9999 127 58 9999 89
159 9999 9999 78 9999
85 69 1 9999 176
21 56 9999 16 164

4 5
177 12 84 3
106 73 135 3 41
9999 9999 9999 9999 9999
178 9999 9999 186 170
110 15 98 9999 9999
181 183 9999 15 171

4 5
16 165 66 18
25 133 93 146 50
154 9999 9999 88 9999
147 141 9999 21 154
9999 9999 192 170 9999
9999 180 165 9999 63

4 5
188 165 131 2
158 7 161 47 125
9999 72 9999 9999 9999
126 9999 69 129 142
140 133 182 8 9999
9999 9999 177 9999 194

4 5
102 49 62 94
5 12 113 1 19
123 9999 101 9999 9999
9999 154 117 60 9999
156 9999 9999 187 162
9999 9999 9999 74 75

4 5
119 94 168 129
136 26 21 2 114
83 73 9999 9999 117
9999 9999 9999 18 9999
9999 36 100 9999 9999
9999 163 9999 138 92

4 5
114 35 147 117
184 125 91 146 32
9999 78 14 9999 26
81 175 9999 9999 15
7 108 9999 176 73
9999 9999 47 66 94

4 5
136 54 9 153
32 50 121 72 20
87 9999 9999 9999 9999
30 37 162 9999 9999
9999 133 119 115 9999
9999 23 185 123 190

4 5
173 71 98 189
151 158 99 106 81
107 9999 119 9999 9999
24 9999 9999 9999 9999
9999 61 38 45 9999
187 9999 9999 110 175

4 5
91 51 159 122
164 57 190 45 140
9999 9999 149 9999 9999
129 89 118 9999 160
198 48 9999 45 55
122 167 9999 170 47

4 5
70 145 83 43
12 114 68 65 125
9999 9999 9999 9999 9999
151 24 142 23 1
9999 9999 100 180 32
193 22 9999 153 99

4 5
171 197 21 45
6 175 36 19 191
9999 9999 9999 87 190
86 99 28 9999 113
150 52 112 187 127
9999 47 35 9999 9999

4 5
156 131 113 70
73 69 119 105 46
9999 9999 9999 9999 127
9999 9999 48 170 9999
9999 41 33 99 9999
178 184 87 115 82

4 5
99 92 46 86
107 167 183 126 186
9999 9999 9999 9999 9999
9999 119 86 9999 9999
75 92 154 76 176
141 9999 66 60 53

4 5
125 144 43 112
137 164 171 87 183
9999 9999 9999 9999 70
151 9999 9999 140 9999
188 185 70 15 179
9999 145 70 9999 119

4 5
40 96 151 50
157 16 77 26 171
9999 132 156 9999 9999
107 123 115 150 192
59 9999 34 103 53
157 19 84 9999 9999

4 5
180 41 146 175
16 191 108 70 161
4 9999 9999 9999 120
139 38 45 9999 9999
66 118 75 167 104
9999 26 33 34 9999

4 5
163 130 178 73
196 65 188 60 80
127 27 21 91 9999
196 140 156 9999 57
183 84 171 9999 1
9999 26 131 9999 9999

4 5
175 192 27 196
53 172 34 12 92
8 9999 123 111 9999
39 141 115 65 65
59 9999 9999 9999 59
48 177 188 9999 9999

4 5
148 139 54 43
143 115 1 109 87
9999 9999 9999 152 115
162 9999 109 9999 9999
65 131 80 9999 9999
117 178 178 95 20

4 5
181 50 134 19
179 119 14 88 89
44 107 162 195 9999
9999 9999 9999 31 9
121 75 29 44 9999
9999 9999 9999 181 166

4 5
104 137 154 73
127 45 127 62 93
119 9999 98 9999 9999
9999 9999 86 157 90
66 136 160 9999 194
9999 93 9999 31 56

4 5
3 20 15 8
165 109 45 138 78
92 66 75 9999 9999
161 9999 9999 77 9999
9999 9999 79 9999 112
39 136 120 75 15

4 5
89 136 137 189
145 186 60 27 22
12 141 157 120 9999
9999 169 9999 9999 156
166 58 9999 186 98
156 9999 158 53 9999

4 5
125 19 23 49
62 193 156 82 187
110 9999 138 9999 76
143 9999 141 40 190
128 20 160 93 86
192 4 96 9999 9999

4 5
191 18 6 71
4 121 35 32 113
9999 9999 9999 175 9999
83 130 9999 9999 9999
131 37 87 25 103
130 42 169 111 9999

4 5
32 83 5 11
180 89 190 63 125
130 45 9999 9999 144
109 9999 107 78 9999
9999 125 78 9999 76
9 169 143 190 99

4 5
42 2 158 127
99 55 86 22 95
160 9999 9999 155 9999
9999 9999 143 139 9999
9999 13 9 9999 167
60 166 9999 75 9999

4 5
187 180 74 58
6 80 175 130 108
9999 9999 41 9999 9999
9999 36 9999 177 16
9999 91 139 9999 65
75 9999 28 192 79

4 5
119 65 28 95
108 96 94 15 83
9999 9999 9999 9999 9999
56 9999 66 118 143
138 146 9999 2 67
37 100 133 173 9999

4 5
80 192 28 107
142 138 112 18 7
183 9999 44 34 100
9999 18 9999 9999 9999
9999 136 167 9999 9999
198 51 9999 61 154

4 5
2 31 194 92
74 6 195 144 11
9999 9999 9999 9999 9999
9999 32 50 14 176
9999 9999 9999 186 188
164 9999 64 135 66

4 5
4 111 149 199
177 146 136 87 10
9999 9999 145 9999 165
118 40 9999 9999 76
68 56 9999 9999 31
9999 9999 147 158 15

4 5
195 52 152 22
113 103 105 128 77
9999 174 129 9999 9999
9999 9999 9999 9999 28
154 9999 9 179 9999
131 44 104 147 129

4 5
26 178 131 147
7 87 79 23 74
123 9999 9999 9999 9999
191 70 79 9999 9999
130 45 9999 149 9999
9999 13 176 9999 132

4 5
57 43 20 33
57 112 4 61 91
9999 9999 108 9999 158
9999 9999 9999 9999 96
170 13 133 29 9999
157 136 2 12 84

4 5
79 107 59 81
116 5 15 53 175
139 47 9999 177 168
9999 9999 117 9999 9999
9999 95 13 24 141
9999 25 9999 178 79

4 5
6 70 52 193
194 52 32 187 81
9999 42 9999 68 9999
195 98 73 9999 190
140 9999 121 173 9999
9999 9999 2 9999 109

4 5
109 88 176 157
122 30 151 77 198
67 9999 9999 96 9999
76 9999 189 9999 15
105 182 9999 9999 9999
9999 24 195 9 83

4 5
113 45 21 28
113 43 49 53 31
9999 9999 57 9999 9999
84 9999 9999 9999 127
9999 112 36 183 9999
73 173 154 138 9999

4 5
17 39 183 151
111 11 180 113 45
158 9999 9999 9999 196
9999 126 48 9999 9999
196 27 9999 186 9999
9999 9999 86 163 79

4 5
16 43 78 189
18 178 28 192 24
9999 9999 3 142 60
86 119 110 41 9999
9999 9999 9999 9999 9999
10 51 164 9999 65


