-----------
heuristic:
score:473432.0
facility 1:8 29 46 
facility 2:1 
facility 3:3 6 7 9 10 14 15 16 19 20 22 23 27 28 30 32 33 34 35 36 37 38 39 42 45 48 
facility 6:2 4 5 11 12 13 17 18 21 24 25 26 31 40 41 43 44 47 49 50 

heuristic opt:
score:354413.0
facility 1:4 8 9 14 24 25 33 37 
facility 2:1 3 5 15 16 29 39 40 43 46 
facility 3:7 10 19 20 23 27 30 32 34 35 36 42 48 
facility 6:2 6 11 12 13 17 18 21 22 26 28 31 38 41 44 45 47 49 50 

-----------
heuristic:
score:528742.0
facility 1:2 10 16 20 25 26 35 38 40 49 50 
facility 2:7 8 21 22 31 47 
facility 3:1 3 4 5 6 9 12 13 14 18 19 23 27 28 29 32 33 34 36 37 39 41 43 44 45 46 48 
facility 5:11 15 17 24 30 42 

heuristic opt:
score:332894.0
facility 1:9 10 16 18 19 20 25 40 44 50 
facility 2:7 8 12 22 31 33 34 45 48 
facility 3:1 3 4 5 6 13 14 28 29 37 46 
facility 5:2 11 15 17 21 23 24 26 27 30 32 35 36 38 39 41 42 43 47 49 

-----------
heuristic:
score:437129.0
facility 1:5 6 8 10 11 13 14 15 16 19 20 26 31 33 36 44 45 46 49 50 
facility 3:27 28 30 38 40 43 
facility 7:1 2 3 4 7 9 12 17 18 21 22 23 24 25 29 32 34 35 37 39 41 42 47 48 

heuristic opt:
score:338824.0
facility 1:5 6 11 16 19 36 50 
facility 3:1 7 12 17 27 28 30 38 40 41 43 46 49 
facility 7:2 3 4 8 9 10 13 14 15 18 20 21 22 23 24 25 26 29 31 32 33 34 35 37 39 42 44 45 47 48 

-----------
heuristic:
score:515971.0
facility 1:2 3 5 10 12 13 14 15 18 20 21 22 26 28 29 31 37 38 39 40 41 46 
facility 2:8 17 24 43 
facility 3:50 
facility 5:1 4 6 7 9 11 16 19 23 25 27 30 32 33 34 35 36 42 44 45 47 48 49 

heuristic opt:
score:282794.0
facility 1:13 29 31 38 
facility 2:2 3 6 8 10 14 17 20 21 24 33 34 36 42 45 46 
facility 3:4 15 18 35 37 39 43 48 49 50 
facility 5:1 5 7 9 11 12 16 19 22 23 25 26 27 28 30 32 40 41 44 47 

-----------
heuristic:
score:478535.0
facility 1:1 5 6 7 9 10 14 16 19 20 21 25 27 29 31 33 34 38 39 41 43 45 48 50 
facility 2:3 4 8 11 12 13 15 24 30 32 35 44 46 47 
facility 3:2 17 18 22 23 28 37 40 49 
facility 7:26 36 42 

heuristic opt:
score:259084.0
facility 1:5 7 9 10 14 21 27 38 48 
facility 2:8 11 15 30 31 
facility 3:1 3 4 6 13 16 17 18 32 33 35 37 39 40 
facility 7:2 12 19 20 22 23 24 25 26 28 29 34 36 41 42 43 44 45 46 47 49 50 

-----------
heuristic:
score:520129.0
facility 1:1 6 8 11 13 22 30 36 40 41 42 46 
facility 2:3 4 5 9 10 12 14 15 16 17 18 19 20 21 24 26 27 28 33 34 37 38 43 48 49 50 
facility 3:47 
facility 5:2 7 23 25 29 31 32 35 39 44 45 

heuristic opt:
score:314080.0
facility 1:1 9 13 30 40 42 46 
facility 2:3 4 5 14 15 16 18 20 33 38 
facility 3:2 6 10 12 17 27 28 35 36 37 43 45 47 48 
facility 5:7 8 11 19 21 22 23 24 25 26 29 31 32 34 39 41 44 49 50 

-----------
heuristic:
score:533104.0
facility 1:1 2 3 4 5 6 9 13 15 18 20 21 26 27 28 32 33 35 36 41 42 43 45 47 49 
facility 2:7 29 30 
facility 3:8 10 14 16 17 19 22 23 24 31 37 38 39 40 48 50 
facility 4:11 12 25 34 44 46 

heuristic opt:
score:368724.0
facility 1:2 3 5 6 20 27 28 32 42 47 
facility 2:1 4 7 9 10 11 13 15 22 29 30 31 33 35 37 41 48 
facility 3:8 17 21 23 24 26 36 38 39 45 49 
facility 4:12 14 16 18 19 25 34 40 43 44 46 50 

-----------
heuristic:
score:497951.0
facility 1:6 9 10 13 15 19 23 25 28 32 34 36 37 40 41 46 48 
facility 2:1 3 4 7 11 14 22 24 26 27 30 31 35 44 47 49 
facility 3:2 16 
facility 4:5 8 12 17 18 20 21 29 33 38 39 42 43 45 50 

heuristic opt:
score:347167.0
facility 1:10 19 28 32 34 37 46 
facility 2:1 4 14 15 22 23 24 26 40 44 49 
facility 3:2 6 8 9 16 17 25 27 29 30 36 39 42 43 48 
facility 4:3 5 7 11 12 13 18 20 21 31 33 35 38 41 45 47 50 

-----------
heuristic:
score:431818.0
facility 1:1 3 6 9 10 12 13 15 18 19 22 24 25 26 29 30 31 36 37 42 43 44 45 46 47 
facility 2:2 4 7 8 20 21 32 33 34 35 39 41 49 50 
facility 3:5 
facility 5:11 14 16 17 23 27 28 38 40 48 

heuristic opt:
score:270009.0
facility 1:1 3 10 13 37 42 43 46 
facility 2:8 15 21 24 34 41 45 50 
facility 3:2 5 6 9 12 25 26 27 28 31 33 38 44 47 49 
facility 5:4 7 11 14 16 17 18 19 20 22 23 29 30 32 35 36 39 40 48 

-----------
heuristic:
score:568594.0
facility 1:3 4 6 11 12 16 19 20 25 26 32 34 38 40 44 48 50 
facility 2:1 2 8 9 10 15 21 27 29 31 33 35 36 37 41 43 45 
facility 3:30 
facility 4:5 7 13 14 17 18 22 23 24 28 39 42 46 47 49 

heuristic opt:
score:459132.0
facility 1:6 12 16 19 25 26 34 40 48 50 
facility 2:15 21 27 29 31 32 33 36 37 41 43 44 
facility 3:7 9 11 20 30 35 39 47 49 
facility 4:1 2 3 4 5 8 10 13 14 17 18 22 23 24 28 38 42 45 46 

-----------
heuristic:
score:436625.0
facility 1:1 2 5 8 13 14 15 16 19 20 21 23 26 30 31 33 34 35 36 42 47 50 
facility 3:11 25 27 38 39 40 
facility 4:3 4 6 7 9 10 12 17 18 22 24 28 29 32 37 41 43 44 45 46 48 49 

heuristic opt:
score:356154.0
facility 1:1 5 14 15 19 20 23 31 35 47 
facility 3:3 9 11 21 25 26 27 30 36 38 39 40 42 43 48 49 
facility 4:2 4 6 7 8 10 12 13 16 17 18 22 24 28 29 32 33 34 37 41 44 45 46 50 

-----------
heuristic:
score:395911.0
facility 1:50 
facility 2:48 
facility 3:1 2 3 4 5 6 7 8 9 11 14 20 22 27 28 29 30 31 33 34 36 38 39 42 43 44 45 46 
facility 6:10 12 13 15 16 17 18 19 21 23 24 25 26 32 35 37 40 41 47 49 

heuristic opt:
score:227963.0
facility 1:12 25 32 39 41 49 50 
facility 2:3 4 7 10 13 15 19 21 37 44 47 48 
facility 3:2 6 8 14 20 22 27 29 30 33 34 38 42 43 
facility 6:1 5 9 11 16 17 18 23 24 26 28 31 35 36 40 45 46 

-----------
heuristic:
score:489704.0
facility 1:4 7 10 13 15 18 20 21 22 23 26 27 33 34 36 37 38 40 41 42 48 50 
facility 2:6 9 17 32 35 46 
facility 3:1 2 3 5 8 11 12 14 24 25 29 30 31 39 43 44 45 47 49 
facility 6:16 19 28 

heuristic opt:
score:238988.0
facility 1:4 13 15 21 22 26 27 33 34 37 42 48 
facility 2:1 5 6 7 18 20 24 32 
facility 3:8 12 14 23 25 29 31 38 43 45 47 49 
facility 6:2 3 9 10 11 16 17 19 28 30 35 36 39 40 41 44 46 50 

-----------
heuristic:
score:567059.0
facility 1:4 6 7 11 12 13 17 21 37 41 42 46 
facility 2:1 2 3 5 9 15 16 22 23 25 26 27 31 33 35 36 38 39 43 47 48 49 
facility 4:10 14 18 19 20 28 29 30 32 34 44 45 50 
facility 6:8 24 40 

heuristic opt:
score:328134.0
facility 1:3 11 21 37 41 48 
facility 2:15 16 35 36 38 39 43 49 
facility 4:2 4 5 7 12 13 17 18 20 22 25 27 29 30 32 34 44 45 46 50 
facility 6:1 6 8 9 10 14 19 23 24 26 28 31 33 40 42 47 

-----------
heuristic:
score:466769.0
facility 1:4 6 7 11 14 21 23 25 29 33 35 40 41 44 47 48 
facility 2:13 26 39 
facility 3:1 2 3 5 8 9 10 15 17 18 19 20 22 24 27 28 30 31 34 36 37 38 42 43 45 46 49 50 
facility 4:12 16 32 

heuristic opt:
score:287551.0
facility 1:11 14 23 47 
facility 2:2 4 9 13 20 21 24 25 26 35 37 44 48 
facility 3:1 3 5 8 10 17 18 22 27 33 36 41 45 49 50 
facility 4:6 7 12 15 16 19 28 29 30 31 32 34 38 39 40 42 43 46 

-----------
heuristic:
score:443844.0
facility 1:1 2 4 5 6 8 10 11 14 16 17 18 20 21 22 25 27 28 31 33 35 40 43 50 
facility 3:9 13 15 37 47 
facility 5:32 45 
facility 6:3 7 12 19 23 24 26 29 30 34 36 38 39 41 42 44 46 48 49 

heuristic opt:
score:291274.0
facility 1:2 6 8 10 14 20 21 22 25 27 28 40 
facility 3:7 9 12 13 18 30 36 37 48 
facility 5:1 4 5 11 15 16 17 29 32 39 42 44 45 47 49 50 
facility 6:3 19 23 24 26 31 33 34 35 38 41 43 46 

-----------
heuristic:
score:571284.0
facility 1:43 
facility 2:5 7 
facility 3:4 8 11 13 15 18 19 20 23 24 28 34 42 45 47 49 50 
facility 4:1 2 3 6 9 10 12 14 16 17 21 22 25 26 27 29 30 31 32 33 35 36 37 38 39 40 41 44 46 48 

heuristic opt:
score:445739.0
facility 1:5 7 9 13 28 33 34 36 37 40 43 46 
facility 3:4 8 11 15 18 19 20 21 23 24 27 32 39 41 42 45 47 49 50 
facility 4:1 2 3 6 10 12 14 16 17 22 25 26 29 30 31 35 38 44 48 

-----------
heuristic:
score:432172.0
facility 1:3 6 11 12 18 19 21 23 28 29 32 33 34 37 40 42 47 
facility 2:1 4 5 8 9 13 14 16 20 22 24 25 30 35 36 38 39 43 45 46 48 49 50 
facility 3:2 7 10 27 31 44 
facility 6:15 17 26 41 

heuristic opt:
score:299605.0
facility 1:1 9 11 12 19 21 28 29 36 40 43 
facility 2:4 8 13 16 20 35 38 39 45 48 50 
facility 3:3 6 7 10 14 18 24 27 31 32 34 37 42 
facility 6:2 5 15 17 22 23 25 26 30 33 41 44 46 47 49 

-----------
heuristic:
score:435079.0
facility 1:18 20 24 38 44 45 46 
facility 2:1 4 5 6 8 9 12 13 14 21 25 26 28 30 33 34 40 41 50 
facility 4:2 3 7 10 11 15 16 17 19 22 23 27 29 31 32 35 36 37 39 42 43 47 48 
facility 5:49 

heuristic opt:
score:269713.0
facility 1:13 15 20 24 39 41 44 46 
facility 2:8 9 12 14 21 26 30 33 50 
facility 4:2 5 7 10 16 19 22 27 28 31 32 34 37 47 48 
facility 5:1 3 4 6 11 17 18 23 25 29 35 36 38 40 42 43 45 49 

-----------
heuristic:
score:428079.0
facility 1:10 
facility 2:3 6 14 17 18 20 21 27 28 30 34 35 36 37 42 43 45 46 48 49 
facility 3:1 2 4 5 8 9 12 13 19 23 25 26 29 31 32 33 40 41 44 47 50 
facility 4:7 11 15 16 22 24 38 39 

heuristic opt:
score:297602.0
facility 1:5 10 11 15 16 23 26 34 37 38 39 40 47 49 
facility 2:18 20 27 35 36 
facility 3:1 2 3 4 6 8 12 13 14 19 28 29 32 33 41 44 45 48 
facility 4:7 9 17 21 22 24 25 30 31 42 43 46 50 

-----------
heuristic:
score:514393.0
facility 1:1 6 8 11 14 29 36 39 47 
facility 2:5 13 16 17 18 24 26 31 37 45 
facility 3:32 
facility 4:2 3 4 7 9 10 12 15 19 20 21 22 23 25 27 28 30 33 34 35 38 40 41 42 43 44 46 48 49 50 

heuristic opt:
score:334857.0
facility 1:3 6 8 12 18 21 26 35 36 37 39 41 44 47 
facility 2:5 13 16 17 22 24 30 31 38 40 45 49 
facility 3:1 4 9 11 14 19 23 29 32 42 48 
facility 4:2 7 10 15 20 25 27 28 33 34 43 46 50 

-----------
heuristic:
score:476896.0
facility 1:2 3 7 8 9 10 14 15 17 19 23 24 26 29 36 37 38 39 42 43 46 49 
facility 2:1 4 5 6 11 12 16 18 20 22 27 28 33 41 44 45 47 50 
facility 3:13 25 30 31 32 34 40 48 
facility 4:21 35 

heuristic opt:
score:348567.0
facility 1:7 10 19 23 29 36 37 39 43 46 49 
facility 2:3 4 11 12 20 22 24 27 28 41 44 45 47 
facility 3:1 5 13 14 17 25 26 33 34 40 48 50 
facility 4:2 6 8 9 15 16 18 21 30 31 32 35 38 42 

-----------
heuristic:
score:463784.0
facility 1:2 7 8 10 12 13 16 17 19 24 26 27 29 31 33 34 35 36 37 38 40 42 46 49 50 
facility 3:5 21 25 
facility 6:1 3 4 6 9 11 14 15 18 20 22 23 28 30 32 39 41 43 44 45 47 48 

heuristic opt:
score:381583.0
facility 1:7 8 10 12 16 17 19 24 29 31 34 35 36 37 38 40 42 50 
facility 3:1 2 4 5 9 13 21 23 25 32 33 43 
facility 6:3 6 11 14 15 18 20 22 26 27 28 30 39 41 44 45 46 47 48 49 

-----------
heuristic:
score:591800.0
facility 1:2 5 7 11 12 16 18 21 22 23 25 26 29 38 40 43 45 46 49 
facility 2:1 13 14 19 27 28 35 42 
facility 4:3 4 8 9 15 17 20 24 30 31 32 33 36 37 41 44 47 48 50 
facility 5:6 10 34 39 

heuristic opt:
score:355289.0
facility 1:11 12 16 22 23 45 46 
facility 2:4 8 9 13 14 17 19 27 29 43 50 
facility 4:5 20 21 26 30 32 33 38 41 47 49 
facility 5:1 2 3 6 7 10 15 18 24 25 28 31 34 35 36 37 39 40 42 44 48 

-----------
heuristic:
score:551495.0
facility 1:2 5 6 9 13 16 17 21 33 37 38 40 43 46 48 49 
facility 2:1 3 4 7 8 11 12 15 18 19 20 22 23 24 25 28 30 31 32 34 45 47 
facility 3:27 29 41 42 
facility 6:10 14 26 35 36 39 44 50 

heuristic opt:
score:439141.0
facility 1:2 6 9 13 16 21 38 48 
facility 2:1 4 7 8 18 19 20 22 23 24 31 34 45 47 
facility 3:3 10 11 12 14 25 27 28 29 30 33 41 42 43 44 46 50 
facility 6:5 15 17 26 32 35 36 37 39 40 49 

-----------
heuristic:
score:430905.0
facility 1:2 4 6 7 9 10 13 14 18 19 22 23 24 26 31 33 35 39 40 47 
facility 2:1 3 8 17 20 21 25 27 28 29 32 36 41 42 43 44 49 50 
facility 3:45 
facility 4:5 11 12 15 16 30 34 37 38 46 48 

heuristic opt:
score:240028.0
facility 1:2 4 9 14 19 39 
facility 2:1 6 7 8 10 18 21 22 24 25 26 33 41 42 47 
facility 3:16 27 31 32 34 37 38 40 43 45 46 
facility 4:3 5 11 12 13 15 17 20 23 28 29 30 35 36 44 48 49 50 

-----------
heuristic:
score:556808.0
facility 1:15 19 27 50 
facility 2:1 2 3 5 7 8 11 13 14 16 18 20 21 22 25 26 28 30 31 32 34 35 36 38 40 41 42 45 46 47 49 
facility 3:6 17 
facility 4:4 9 10 12 23 24 29 33 37 39 43 44 48 

heuristic opt:
score:384026.0
facility 2:2 3 7 8 13 14 21 22 25 31 34 35 38 40 41 45 47 49 
facility 3:6 12 16 17 20 37 39 44 46 50 
facility 4:1 4 5 9 10 11 15 18 19 23 24 26 27 28 29 30 32 33 36 42 43 48 

-----------
heuristic:
score:369184.0
facility 1:1 6 10 13 14 17 18 21 22 23 25 27 30 32 33 37 39 40 42 50 
facility 3:2 3 8 9 12 19 34 44 
facility 4:4 5 7 11 15 16 20 24 26 28 29 31 35 36 38 41 43 45 46 47 48 49 

heuristic opt:
score:254541.0
facility 1:6 10 13 22 23 25 33 37 39 50 
facility 3:2 3 5 7 8 9 11 12 16 17 18 19 28 34 35 41 44 45 46 
facility 4:1 4 14 15 20 21 24 26 27 29 30 31 32 36 38 40 42 43 47 48 49 

-----------
heuristic:
score:523676.0
facility 1:1 4 30 31 
facility 2:7 16 17 38 40 42 43 44 47 48 
facility 3:8 27 33 
facility 4:2 3 5 6 9 10 11 12 13 14 15 18 19 20 21 22 23 24 25 26 28 29 32 34 35 36 37 39 41 45 46 49 50 

heuristic opt:
score:380586.0
facility 1:1 4 13 31 
facility 2:3 9 14 15 17 20 21 23 26 38 40 43 47 
facility 3:2 7 8 10 16 18 19 25 27 29 30 33 39 42 44 48 
facility 4:5 6 11 12 22 24 28 32 34 35 36 37 41 45 46 49 50 

-----------
heuristic:
score:398614.0
facility 1:1 9 11 14 15 16 20 23 30 31 32 37 40 44 48 50 
facility 2:2 3 6 7 10 12 13 17 22 24 25 26 29 33 35 36 38 39 41 42 43 45 
facility 3:4 5 18 19 21 27 28 34 46 47 49 
facility 5:8 

heuristic opt:
score:249524.0
facility 1:1 11 14 15 30 31 40 44 48 
facility 2:3 6 7 10 13 17 22 24 25 26 32 33 35 42 43 50 
facility 3:2 16 18 21 27 28 34 36 45 49 
facility 5:4 5 8 9 12 19 20 23 29 37 38 39 41 46 47 

-----------
heuristic:
score:509912.0
facility 1:3 10 13 15 16 26 27 30 31 33 34 37 40 41 49 
facility 2:1 2 4 6 11 12 14 17 19 20 21 22 24 25 29 32 35 38 39 42 43 44 48 50 
facility 3:23 
facility 4:5 7 8 9 18 28 36 45 46 47 

heuristic opt:
score:321859.0
facility 1:13 26 33 37 40 49 
facility 2:1 2 4 19 20 21 24 29 32 35 39 42 43 48 
facility 3:9 14 15 17 23 30 38 46 
facility 4:3 5 6 7 8 10 11 12 16 18 22 25 27 28 31 34 36 41 44 45 47 50 

-----------
heuristic:
score:346537.0
facility 1:39 44 
facility 2:1 25 26 27 33 43 
facility 3:12 38 
facility 7:2 3 4 5 6 7 8 9 10 11 13 14 15 16 17 18 19 20 21 22 23 24 28 29 30 31 32 34 35 36 37 40 41 42 45 46 47 48 49 50 

heuristic opt:
score:261545.0
facility 1:29 39 
facility 2:15 24 25 27 33 34 41 43 
facility 3:1 7 12 26 32 35 38 44 45 48 50 
facility 7:2 3 4 5 6 8 9 10 11 13 14 16 17 18 19 20 21 22 23 28 30 31 36 37 40 42 46 47 49 

-----------
heuristic:
score:488493.0
facility 1:1 2 4 5 8 17 22 27 31 32 33 34 35 37 38 39 40 42 43 44 45 47 
facility 2:7 11 16 28 29 
facility 3:6 18 
facility 4:3 9 10 12 13 14 15 19 20 21 23 24 25 26 30 36 41 46 48 49 50 

heuristic opt:
score:334024.0
facility 1:1 2 22 31 32 33 35 37 39 40 45 
facility 2:4 7 8 9 11 13 16 19 29 44 
facility 3:3 6 12 14 15 17 18 21 23 24 28 41 46 47 
facility 4:5 10 20 25 26 27 30 34 36 38 42 43 48 49 50 

-----------
heuristic:
score:375342.0
facility 2:3 
facility 6:6 10 11 20 22 27 35 
facility 7:1 2 4 5 7 8 9 12 13 14 15 16 17 18 19 21 23 24 25 26 28 29 30 31 32 33 34 36 37 38 39 40 41 42 43 44 45 46 47 48 49 50 

heuristic opt:
score:274813.0
facility 2:2 3 7 10 12 21 24 31 
facility 6:4 6 9 11 13 17 18 20 22 25 27 32 35 36 37 39 42 43 44 45 46 48 
facility 7:1 5 8 14 15 16 19 23 26 28 29 30 33 34 38 40 41 47 49 50 

-----------
heuristic:
score:474991.0
facility 1:1 2 9 12 16 17 19 20 24 31 32 33 34 35 43 44 46 47 
facility 2:4 8 13 15 26 41 42 
facility 3:3 5 6 7 10 11 14 18 21 22 23 25 27 28 29 30 36 37 38 39 40 45 49 50 
facility 4:48 

heuristic opt:
score:304445.0
facility 1:2 16 19 35 47 
facility 2:8 10 13 17 18 24 26 29 32 34 37 41 42 43 44 49 
facility 3:3 11 12 20 21 22 28 30 33 36 39 40 45 50 
facility 4:1 4 5 6 7 9 14 15 23 25 27 31 38 46 48 

-----------
heuristic:
score:450281.0
facility 1:1 4 6 14 16 22 27 31 39 45 50 
facility 2:8 9 10 13 21 33 41 43 
facility 3:2 3 5 7 11 15 17 18 19 23 24 25 26 28 29 30 32 34 35 36 37 38 40 42 44 46 47 48 49 
facility 4:12 20 

heuristic opt:
score:310067.0
facility 1:6 16 17 22 31 32 37 38 39 40 45 50 
facility 2:4 15 21 27 33 41 42 49 
facility 3:2 3 5 7 18 19 23 26 29 30 34 35 36 44 46 48 
facility 4:1 8 9 10 11 12 13 14 20 24 25 28 43 47 

-----------
heuristic:
score:498989.0
facility 1:3 22 24 28 34 35 39 43 46 48 50 
facility 2:13 14 21 30 32 
facility 3:1 2 4 6 7 9 10 12 15 16 17 18 19 20 23 25 26 27 29 31 33 36 37 38 40 41 42 44 45 47 49 
facility 5:5 8 11 

heuristic opt:
score:346019.0
facility 1:3 18 22 35 44 46 48 
facility 2:9 13 25 28 30 32 34 36 38 49 
facility 3:2 4 7 15 17 19 26 29 31 33 41 45 47 
facility 5:1 5 6 8 10 11 12 14 16 20 21 23 24 27 37 39 40 42 43 50 

-----------
heuristic:
score:452789.0
facility 1:1 2 5 9 11 13 18 20 27 29 30 31 33 34 45 47 48 
facility 2:6 10 
facility 3:23 26 32 36 40 42 43 46 
facility 4:3 4 7 8 12 14 15 16 17 19 21 22 24 25 28 35 37 38 39 41 44 49 50 

heuristic opt:
score:289117.0
facility 1:1 2 9 11 18 29 30 33 34 
facility 2:6 10 12 13 15 24 43 
facility 3:3 4 5 16 17 21 22 23 25 26 28 32 36 40 42 46 
facility 4:7 8 14 19 20 27 31 35 37 38 39 41 44 45 47 48 49 50 

-----------
heuristic:
score:504853.0
facility 1:3 7 8 9 10 11 13 19 28 41 46 47 48 49 
facility 2:16 18 23 34 36 39 44 
facility 3:1 2 4 5 6 12 15 17 21 22 24 25 26 27 29 30 31 32 33 35 37 38 40 42 43 45 50 
facility 4:14 20 

heuristic opt:
score:358375.0
facility 1:3 8 10 13 19 28 33 49 
facility 2:6 11 12 16 18 23 34 39 41 46 48 
facility 3:1 2 5 15 29 30 35 37 38 42 50 
facility 4:4 7 9 14 17 20 21 22 24 25 26 27 31 32 36 40 43 44 45 47 

-----------
heuristic:
score:432423.0
facility 1:11 12 14 18 22 24 25 30 31 33 35 47 
facility 2:1 9 15 16 34 38 44 46 
facility 3:2 3 4 5 6 7 8 10 13 17 20 21 23 26 27 28 29 32 37 39 40 41 42 43 45 48 49 50 
facility 6:19 36 

heuristic opt:
score:317309.0
facility 1:10 12 14 18 20 24 30 31 33 37 43 
facility 2:1 6 9 16 22 25 26 34 35 38 41 44 46 
facility 3:3 4 5 7 8 17 21 23 28 39 42 45 49 50 
facility 6:2 11 13 15 19 27 29 32 36 40 47 48 

-----------
heuristic:
score:513591.0
facility 1:2 24 
facility 2:1 4 7 9 19 20 21 22 27 34 35 36 38 39 40 41 42 47 48 
facility 3:3 5 6 10 11 12 13 14 15 16 17 18 23 25 26 28 29 30 31 32 33 37 43 44 45 46 49 50 
facility 5:8 

heuristic opt:
score:321709.0
facility 2:4 7 9 10 11 14 17 19 20 28 31 35 36 38 42 47 48 
facility 3:5 12 15 23 29 30 32 33 37 45 50 
facility 5:1 2 3 6 8 13 16 18 21 22 24 25 26 27 34 39 40 41 43 44 46 49 

-----------
heuristic:
score:546914.0
facility 1:2 4 9 15 17 21 22 23 24 25 26 30 32 34 35 37 38 39 41 43 44 45 47 49 50 
facility 2:3 5 6 7 11 16 33 
facility 3:10 31 48 
facility 4:1 8 12 13 14 18 19 20 27 28 29 36 40 42 46 

heuristic opt:
score:400696.0
facility 1:2 4 9 22 23 26 32 34 37 39 44 47 
facility 2:3 6 15 18 30 36 
facility 3:1 5 7 10 11 12 14 16 17 21 24 27 31 33 35 41 42 43 45 48 49 
facility 4:8 13 19 20 25 28 29 38 40 46 50 

-----------
heuristic:
score:723021.0
facility 1:3 6 7 10 11 14 15 16 21 23 26 28 29 33 35 36 48 49 
facility 2:1 2 5 9 17 18 20 22 24 25 27 31 38 40 41 42 44 45 46 47 
facility 3:4 12 30 32 34 39 43 50 
facility 4:8 13 19 37 

heuristic opt:
score:383741.0
facility 1:10 33 
facility 2:5 6 11 14 22 23 38 40 46 48 
facility 3:3 4 15 16 17 24 29 30 44 49 
facility 4:1 2 7 8 9 12 13 18 19 20 21 25 26 27 28 31 32 34 35 36 37 39 41 42 43 45 47 50 

-----------
heuristic:
score:488161.0
facility 1:25 26 48 
facility 2:2 3 4 5 7 9 10 13 14 15 16 17 18 19 20 21 22 27 28 31 37 39 40 41 42 45 47 49 50 
facility 5:1 6 8 11 12 23 24 29 30 32 33 34 35 36 38 43 44 46 

heuristic opt:
score:412046.0
facility 1:11 12 24 25 26 30 48 
facility 2:2 3 4 5 7 9 10 14 16 18 19 22 27 39 41 42 47 50 
facility 5:1 6 8 13 15 17 20 21 23 28 29 31 32 33 34 35 36 37 38 40 43 44 45 46 49 

-----------
heuristic:
score:523821.0
facility 1:3 8 9 13 21 23 25 27 29 33 36 38 40 48 50 
facility 2:1 2 5 6 7 10 12 14 15 16 17 18 19 20 26 28 31 32 34 35 41 43 44 46 47 49 
facility 4:4 11 22 24 30 37 39 42 45 

heuristic opt:
score:378011.0
facility 1:2 3 6 15 18 19 21 23 25 27 29 33 36 40 41 
facility 2:1 7 10 12 17 26 32 34 43 46 49 
facility 4:4 5 8 9 11 13 14 16 20 22 24 28 30 31 35 37 38 39 42 44 45 47 48 50 

-----------
heuristic:
score:477482.0
facility 1:3 10 22 37 
facility 2:1 2 4 5 6 7 8 9 11 12 13 14 16 17 20 23 27 28 29 33 35 36 40 43 48 49 50 
facility 3:15 18 19 21 24 25 26 30 31 32 34 38 39 41 42 44 45 46 
facility 8:47 

heuristic opt:
score:272642.0
facility 1:2 4 5 11 15 21 22 37 38 42 
facility 2:12 14 17 20 29 33 40 48 
facility 3:6 8 9 13 16 24 26 28 32 35 36 41 44 45 
facility 8:1 3 7 10 18 19 23 25 27 30 31 34 39 43 46 47 49 50 

-----------
heuristic:
score:496811.0
facility 1:1 4 7 11 15 16 17 23 29 31 33 35 36 40 42 50 
facility 2:9 12 14 21 22 28 38 47 
facility 3:2 3 5 6 8 10 13 18 19 20 25 26 27 30 32 34 37 39 41 43 44 45 46 48 
facility 4:24 49 

heuristic opt:
score:338374.0
facility 1:1 7 11 16 17 33 40 
facility 2:9 12 14 15 21 22 26 27 28 34 35 37 38 42 44 45 47 48 50 
facility 3:2 3 5 6 8 10 13 19 25 29 32 41 43 46 
facility 4:4 18 20 23 24 30 31 36 39 49 

-----------
heuristic:
score:388318.0
facility 1:42 
facility 2:1 4 5 8 10 11 12 13 15 21 23 24 25 26 27 28 30 34 35 37 38 40 41 45 46 47 48 49 
facility 9:2 3 6 7 9 14 16 17 18 19 20 22 29 31 32 33 36 39 43 44 50 

heuristic opt:
score:212822.0
facility 1:3 16 18 28 38 40 42 45 50 
facility 2:5 8 12 13 15 23 25 26 35 37 47 48 
facility 9:1 2 4 6 7 9 10 11 14 17 19 20 21 22 24 27 29 30 31 32 33 34 36 39 41 43 44 46 49 

-----------
heuristic:
score:545199.0
facility 1:2 4 6 7 8 11 12 14 17 19 20 25 30 32 33 37 39 40 42 43 46 47 49 
facility 4:5 10 15 16 18 21 22 23 24 26 27 28 31 34 35 45 48 
facility 8:1 3 9 13 29 36 38 41 44 50 

heuristic opt:
score:319441.0
facility 1:12 20 25 30 32 39 40 46 47 49 
facility 4:4 7 16 17 19 21 23 26 28 34 37 48 
facility 8:1 2 3 5 6 8 9 10 11 13 14 15 18 22 24 27 29 31 33 35 36 38 41 42 43 44 45 50 

-----------
heuristic:
score:503661.0
facility 1:2 7 10 13 16 17 19 20 25 26 27 28 30 31 32 33 40 42 44 45 46 47 48 50 
facility 2:1 3 5 11 12 15 18 22 24 34 35 36 37 41 49 
facility 3:4 6 8 9 14 21 23 29 38 43 
facility 60:39 

heuristic opt:
score:247712.0
facility 1:2 19 20 33 40 45 47 
facility 2:11 18 22 34 36 44 48 
facility 3:3 6 9 12 16 29 43 
facility 60:1 4 5 7 8 10 13 14 15 17 21 23 24 25 26 27 28 30 31 32 35 37 38 39 41 42 46 49 50 

-----------
heuristic:
score:598611.0
facility 1:2 5 6 7 9 11 14 16 17 18 19 22 23 27 32 34 42 43 44 46 48 
facility 2:4 10 20 21 31 37 38 39 41 
facility 3:1 3 12 13 15 24 25 26 28 29 30 33 35 36 40 45 47 49 50 
facility 7:8 

heuristic opt:
score:363108.0
facility 1:14 17 18 19 22 23 32 42 46 48 
facility 2:2 7 10 12 13 16 21 24 25 28 31 35 37 41 
facility 3:1 9 15 29 33 34 36 40 43 47 
facility 7:3 4 5 6 8 11 20 26 27 30 38 39 44 45 49 50 

-----------
heuristic:
score:502909.0
facility 1:1 2 3 4 5 8 12 13 17 18 24 25 28 31 33 34 36 37 39 42 43 45 46 47 49 50 
facility 2:7 10 11 19 23 26 30 35 40 41 44 48 
facility 3:6 14 15 16 20 22 27 29 38 
facility 8:9 21 32 

heuristic opt:
score:275300.0
facility 1:3 5 8 12 18 24 36 37 43 47 
facility 2:1 2 17 19 26 27 29 38 41 44 45 49 
facility 3:6 31 33 34 50 
facility 8:4 7 9 10 11 13 14 15 16 20 21 22 23 25 28 30 32 35 39 40 42 46 48 

-----------
heuristic:
score:351613.0
facility 1:5 11 16 20 23 27 42 50 
facility 2:15 21 34 
facility 3:1 2 4 6 7 8 10 12 13 14 17 18 19 22 24 25 26 28 29 30 31 32 33 35 37 38 39 43 44 45 46 47 48 
facility 4:3 9 36 40 41 49 

heuristic opt:
score:284084.0
facility 1:5 7 10 11 16 20 23 27 31 50 
facility 2:3 6 12 15 18 21 24 34 36 38 41 44 
facility 3:1 4 8 14 19 25 26 28 29 33 37 39 43 45 46 48 
facility 4:2 9 13 17 22 30 32 35 40 42 47 49 

-----------
heuristic:
score:351338.0
facility 1:25 40 
facility 2:1 2 5 8 9 11 14 17 19 22 29 30 31 34 35 36 41 45 48 
facility 3:3 4 6 10 12 13 15 16 18 20 21 23 24 26 28 32 33 37 38 42 43 44 46 47 
facility 4:7 27 39 49 50 

heuristic opt:
score:252201.0
facility 1:4 7 23 25 26 28 30 36 38 40 50 
facility 2:1 2 3 8 9 14 17 19 22 29 34 41 45 48 
facility 3:13 15 18 20 24 32 42 43 46 
facility 4:5 6 10 11 12 16 21 27 31 33 35 37 39 44 47 49 

-----------
heuristic:
score:612694.0
facility 1:1 2 4 6 8 11 13 14 15 17 19 20 23 24 28 32 33 34 35 37 38 42 44 48 
facility 2:3 5 7 9 16 18 21 25 26 31 36 40 43 45 47 49 
facility 3:10 12 22 27 29 30 39 41 46 
facility 4:50 

heuristic opt:
score:404548.0
facility 1:1 2 6 8 11 13 19 20 23 28 32 34 35 37 42 48 
facility 2:5 7 9 21 25 36 40 45 47 
facility 3:3 10 15 17 18 22 27 29 30 31 33 38 39 41 44 
facility 4:4 12 14 16 24 26 43 46 49 50 

-----------
heuristic:
score:530832.0
facility 1:3 9 14 17 18 21 22 23 26 28 30 33 35 36 39 40 41 42 43 44 46 49 
facility 2:2 4 6 7 11 12 13 16 19 25 27 29 31 32 37 38 45 48 50 
facility 4:1 5 8 24 47 
facility 6:10 15 20 34 

heuristic opt:
score:316042.0
facility 1:3 14 23 30 35 40 41 42 46 
facility 2:2 4 12 16 19 25 27 31 33 38 50 
facility 4:5 7 8 13 18 24 32 37 43 47 48 49 
facility 6:1 6 9 10 11 15 17 20 21 22 26 28 29 34 36 39 44 45 

-----------
heuristic:
score:473890.0
facility 1:4 5 7 11 14 16 18 27 29 37 42 
facility 2:1 26 33 40 41 43 
facility 4:2 3 6 9 10 12 13 15 17 19 20 21 22 23 24 25 28 30 31 32 34 35 36 38 39 45 46 47 48 49 50 
facility 7:8 44 

heuristic opt:
score:377725.0
facility 1:11 16 20 27 28 29 32 39 42 
facility 2:1 7 18 26 31 37 40 41 43 48 
facility 4:3 6 10 13 15 19 21 22 23 25 30 34 38 45 46 47 49 50 
facility 7:2 4 5 8 9 12 14 17 24 33 35 36 44 

-----------
heuristic:
score:488248.0
facility 1:2 14 28 45 
facility 2:3 8 15 16 17 18 21 23 24 27 30 38 49 50 
facility 4:1 4 6 7 9 10 11 12 13 19 20 22 25 26 29 31 33 34 35 36 37 39 40 41 42 43 44 46 47 48 
facility 5:5 32 

heuristic opt:
score:284661.0
facility 1:10 15 28 29 35 
facility 2:1 3 7 8 12 17 18 25 26 27 30 33 36 38 43 49 50 
facility 4:6 11 20 22 31 37 39 42 44 46 47 48 
facility 5:2 4 5 9 13 14 16 19 21 23 24 32 34 40 41 45 

-----------
heuristic:
score:439238.0
facility 1:2 21 30 
facility 2:1 3 4 5 6 7 8 10 13 14 15 16 17 19 22 23 24 26 31 33 35 36 41 42 43 44 45 47 48 50 
facility 3:9 11 12 18 20 25 27 28 29 32 34 37 38 39 40 46 49 

heuristic opt:
score:372422.0
facility 1:2 4 13 17 21 30 31 36 43 
facility 2:1 5 6 7 8 16 22 23 24 26 33 35 41 42 44 45 50 
facility 3:3 9 10 11 12 14 15 18 19 20 25 27 28 29 32 34 37 38 39 40 46 47 48 49 

-----------
heuristic:
score:541408.0
facility 1:4 5 7 8 11 12 14 15 16 18 22 23 25 26 28 29 31 36 39 45 49 
facility 2:3 10 13 20 21 24 27 30 33 35 38 42 43 44 50 
facility 3:34 46 
facility 5:1 2 6 9 17 19 32 37 40 41 47 48 

heuristic opt:
score:352960.0
facility 1:4 7 15 16 36 
facility 2:3 12 18 21 24 25 26 27 30 35 38 42 43 44 50 
facility 3:2 5 9 11 20 22 29 32 33 34 39 40 46 
facility 5:1 6 8 10 13 14 17 19 23 28 31 37 41 45 47 48 49 

-----------
heuristic:
score:541661.0
facility 1:2 4 11 12 13 16 17 18 20 25 27 34 36 38 39 41 42 47 48 
facility 2:8 14 
facility 3:23 28 29 
facility 5:1 3 5 6 7 9 10 15 19 21 22 24 26 30 31 32 33 35 37 40 43 44 45 46 49 50 

heuristic opt:
score:411215.0
facility 1:4 12 16 34 36 42 
facility 3:2 3 6 8 10 13 14 15 18 19 20 23 28 29 32 39 41 44 46 
facility 5:1 5 7 9 11 17 21 22 24 25 26 27 30 31 33 35 37 38 40 43 45 47 48 49 50 

-----------
heuristic:
score:488363.0
facility 1:4 6 7 8 13 14 16 17 19 21 22 23 25 26 28 29 34 37 39 41 42 43 47 48 
facility 2:1 3 11 12 15 18 20 27 30 31 33 35 36 40 44 46 49 
facility 3:2 5 9 10 24 32 38 45 50 

heuristic opt:
score:310796.0
facility 1:4 14 16 19 23 25 28 34 41 42 43 
facility 2:1 3 8 12 15 17 18 21 26 27 29 30 31 36 37 39 40 44 49 
facility 3:2 5 6 7 9 10 11 13 20 22 24 32 33 35 38 45 46 47 48 50 

-----------
heuristic:
score:434705.0
facility 1:49 
facility 2:10 16 17 19 21 24 26 28 38 39 40 44 47 
facility 3:13 27 33 42 
facility 4:1 2 3 4 5 6 7 8 9 11 12 14 15 18 20 22 23 25 29 30 31 32 34 35 36 37 41 43 45 46 48 50 

heuristic opt:
score:365723.0
facility 1:1 16 19 27 46 49 
facility 2:10 14 15 21 24 26 32 35 38 44 47 48 
facility 3:6 13 17 23 28 33 39 40 41 42 
facility 4:2 3 4 5 7 8 9 11 12 18 20 22 25 29 30 31 34 36 37 43 45 50 

-----------
heuristic:
score:396101.0
facility 1:2 3 5 8 9 10 17 19 20 21 22 23 25 26 27 28 29 30 33 36 38 39 42 46 49 50 
facility 2:1 4 11 12 16 18 24 32 34 35 37 40 43 44 45 47 
facility 3:6 15 41 48 
facility 8:7 13 14 31 

heuristic opt:
score:207655.0
facility 1:3 5 8 19 23 26 27 30 33 50 
facility 2:1 18 22 24 25 32 34 35 37 40 42 
facility 3:4 10 12 17 20 21 36 39 41 44 
facility 8:2 6 7 9 11 13 14 15 16 28 29 31 38 43 45 46 47 48 49 

-----------
heuristic:
score:534592.0
facility 1:1 2 5 7 11 15 18 19 23 24 25 32 33 37 46 47 
facility 2:3 6 8 9 10 12 13 14 17 20 21 22 26 27 29 30 34 36 40 41 42 44 45 50 
facility 4:4 16 28 35 38 39 43 48 49 
facility 9:31 

heuristic opt:
score:262150.0
facility 1:2 5 6 12 19 36 37 42 47 
facility 2:14 17 20 22 30 45 
facility 4:1 3 18 21 23 24 25 28 39 43 48 50 
facility 9:4 7 8 9 10 11 13 15 16 26 27 29 31 32 33 34 35 38 40 41 44 46 49 

-----------
heuristic:
score:532777.0
facility 1:2 3 4 6 8 9 16 17 18 20 21 26 27 28 29 30 37 38 40 42 44 45 46 48 49 50 
facility 2:5 7 10 11 12 13 14 19 22 24 31 32 33 35 39 41 43 47 
facility 5:1 15 23 25 34 36 

heuristic opt:
score:378852.0
facility 1:3 9 16 17 18 20 21 30 37 38 44 48 49 
facility 2:5 10 11 12 13 19 24 29 32 33 35 41 43 47 
facility 5:1 2 4 6 7 8 14 15 22 23 25 26 27 28 31 34 36 39 40 42 45 46 50 

-----------
heuristic:
score:497666.0
facility 1:1 5 7 8 11 18 20 21 23 25 27 28 33 34 37 38 40 44 45 48 
facility 2:10 13 39 41 42 43 46 47 
facility 3:3 6 9 12 14 15 16 17 19 22 26 29 30 31 32 35 36 49 50 
facility 68:2 4 24 

heuristic opt:
score:243782.0
facility 1:8 11 20 21 23 28 33 34 40 45 
facility 2:5 7 10 14 25 37 39 42 43 47 
facility 3:6 15 29 31 36 38 49 
facility 68:1 2 3 4 9 12 13 16 17 18 19 22 24 26 27 30 32 35 41 44 46 48 50 

-----------
heuristic:
score:554178.0
facility 1:4 12 16 19 22 29 33 39 50 
facility 2:1 2 5 6 7 8 9 10 11 13 15 20 21 26 27 28 31 32 34 35 36 38 41 42 46 48 
facility 3:3 17 18 23 24 25 30 37 40 43 45 47 
facility 9:14 44 49 

heuristic opt:
score:263107.0
facility 1:8 16 34 50 
facility 2:7 21 28 31 32 35 38 42 
facility 3:1 2 3 4 5 6 9 10 12 18 26 36 37 40 43 45 
facility 9:11 13 14 15 17 19 20 22 23 24 25 27 29 30 33 39 41 44 46 47 48 49 

-----------
heuristic:
score:632809.0
facility 1:20 43 44 49 
facility 2:3 4 5 7 11 12 14 16 17 18 19 22 28 29 31 33 35 38 42 45 48 50 
facility 3:15 34 39 
facility 5:1 2 6 8 9 10 13 21 23 24 25 26 27 30 32 36 37 40 41 46 47 

heuristic opt:
score:364535.0
facility 1:2 3 8 12 19 30 33 35 41 44 
facility 2:4 5 7 17 28 29 42 50 
facility 3:9 11 15 16 18 20 22 32 34 39 43 46 47 48 49 
facility 5:1 6 10 13 14 21 23 24 25 26 27 31 36 37 38 40 45 

-----------
heuristic:
score:560498.0
facility 1:6 11 47 
facility 2:4 5 8 12 13 14 15 17 18 20 21 23 25 31 32 33 35 36 37 39 44 46 49 50 
facility 3:1 3 7 9 10 16 19 22 24 26 27 28 29 30 34 40 41 42 43 45 48 
facility 4:2 38 

heuristic opt:
score:373304.0
facility 1:5 6 9 19 30 39 43 47 49 
facility 2:12 14 15 18 20 21 31 33 37 44 46 50 
facility 3:7 10 13 22 23 24 25 26 28 32 40 41 48 
facility 4:1 2 3 4 8 11 16 17 27 29 34 35 36 38 42 45 

-----------
heuristic:
score:429366.0
facility 1:2 7 9 11 15 16 18 21 23 29 32 35 36 37 41 42 43 49 50 
facility 2:1 4 5 10 12 13 14 19 20 22 25 26 27 28 31 33 34 40 44 48 
facility 4:6 
facility 5:3 8 17 24 30 38 39 45 46 47 

heuristic opt:
score:204806.0
facility 1:2 9 15 21 35 36 42 43 
facility 2:7 12 18 19 25 26 29 31 34 37 44 48 49 50 
facility 4:1 4 5 6 10 13 27 28 30 41 46 
facility 5:3 8 11 14 16 17 20 22 23 24 32 33 38 39 40 45 47 

-----------
heuristic:
score:500261.0
facility 1:8 11 14 18 19 20 32 37 44 45 
facility 2:1 2 3 4 5 6 7 9 12 13 17 21 22 24 25 26 27 28 29 31 33 34 35 36 38 42 48 49 50 
facility 4:10 15 16 23 30 39 40 41 43 46 47 

heuristic opt:
score:367357.0
facility 1:1 8 11 13 18 19 20 27 34 36 44 45 48 
facility 2:4 5 9 17 21 24 25 29 31 33 35 42 49 
facility 4:2 3 6 7 10 12 14 15 16 22 23 26 28 30 32 37 38 39 40 41 43 46 47 50 

-----------
heuristic:
score:498962.0
facility 1:2 4 7 8 11 17 21 24 26 29 33 43 45 47 
facility 2:3 36 
facility 3:1 5 6 9 10 12 13 14 16 18 20 22 25 27 28 30 31 32 34 35 37 38 39 40 41 42 44 46 48 49 50 
facility 4:15 19 23 

heuristic opt:
score:342576.0
facility 1:16 29 33 43 44 45 47 48 
facility 2:3 4 6 11 17 21 24 26 41 49 50 
facility 3:1 5 10 13 14 20 28 30 31 32 35 37 40 42 46 
facility 4:2 7 8 9 12 15 18 19 22 23 25 27 34 36 38 39 

-----------
heuristic:
score:482457.0
facility 1:5 7 8 9 13 15 16 17 19 23 24 25 29 30 31 33 35 38 42 45 47 48 49 
facility 3:2 3 6 12 14 20 21 27 28 32 34 36 37 39 40 41 43 44 50 
facility 5:1 4 10 11 18 22 26 46 

heuristic opt:
score:378958.0
facility 1:5 9 13 15 16 19 24 29 33 38 42 47 49 
facility 3:2 3 6 7 27 31 34 35 37 40 43 44 50 
facility 5:1 4 8 10 11 12 14 17 18 20 21 22 23 25 26 28 30 32 36 39 41 45 46 48 

-----------
heuristic:
score:546584.0
facility 1:2 5 12 15 16 18 29 33 49 50 
facility 2:3 4 6 7 10 11 20 21 23 24 26 27 28 32 35 36 38 40 41 42 44 45 46 47 
facility 3:1 14 17 19 22 25 30 31 34 37 39 43 
facility 4:8 9 13 48 

heuristic opt:
score:375223.0
facility 1:18 21 49 50 
facility 2:3 4 10 23 26 27 40 42 45 47 
facility 3:2 5 6 7 11 14 15 17 19 20 22 25 28 30 31 36 38 43 46 
facility 4:1 8 9 12 13 16 24 29 32 33 34 35 37 39 41 44 48 

-----------
heuristic:
score:513399.0
facility 1:1 2 4 7 11 19 20 21 23 24 26 28 29 30 36 39 42 44 46 50 
facility 2:9 10 13 14 15 25 37 47 
facility 3:3 12 16 17 18 22 27 31 32 33 34 35 38 40 43 45 48 49 
facility 4:5 6 8 41 

heuristic opt:
score:342793.0
facility 1:1 2 4 21 24 28 29 42 44 
facility 2:3 10 14 15 20 22 34 37 39 40 47 
facility 3:11 16 23 26 27 31 33 35 36 43 45 48 49 50 
facility 4:5 6 7 8 9 12 13 17 18 19 25 30 32 38 41 46 

-----------
heuristic:
score:476666.0
facility 1:16 17 25 27 30 40 42 44 48 
facility 2:1 3 4 5 6 8 9 10 12 14 15 18 19 21 22 23 24 26 28 29 33 34 37 38 39 41 43 45 46 47 49 50 
facility 3:13 20 36 
facility 4:2 7 11 31 32 35 

heuristic opt:
score:374916.0
facility 1:3 17 19 30 44 
facility 2:4 6 9 12 14 15 18 21 22 23 33 34 37 38 41 47 49 50 
facility 3:1 11 13 16 20 26 35 36 40 42 45 46 
facility 4:2 5 7 8 10 24 25 27 28 29 31 32 39 43 48 

-----------
heuristic:
score:496586.0
facility 1:1 2 3 4 5 6 11 13 14 15 20 23 25 28 29 33 35 37 38 40 42 45 49 50 
facility 3:16 30 39 41 
facility 4:7 8 9 10 12 17 18 19 21 22 24 26 27 31 32 34 43 44 46 47 48 
facility 5:36 

heuristic opt:
score:350296.0
facility 1:1 2 3 5 6 11 13 14 28 38 42 45 49 50 
facility 4:4 7 8 9 10 15 21 24 25 26 31 32 33 34 35 43 46 48 
facility 5:12 16 17 18 19 20 22 23 27 29 30 36 37 39 40 41 44 47 

-----------
heuristic:
score:437319.0
facility 1:12 34 
facility 2:3 4 7 10 11 13 14 15 16 17 18 21 22 23 24 25 27 28 31 33 35 36 38 41 43 46 47 
facility 3:5 39 
facility 5:1 2 6 8 9 19 20 26 29 30 32 37 40 42 44 45 48 49 50 

heuristic opt:
score:278902.0
facility 1:12 14 40 41 45 
facility 2:4 7 13 16 17 21 22 23 24 31 35 46 47 
facility 3:1 5 10 15 26 27 28 29 30 32 33 34 38 39 42 48 50 
facility 5:2 3 6 8 9 11 18 19 20 25 36 37 43 44 49 

-----------
heuristic:
score:504872.0
facility 1:6 14 17 21 25 27 29 35 36 45 
facility 2:28 
facility 3:2 4 16 26 
facility 4:1 3 5 7 8 9 10 11 12 13 15 18 19 20 22 23 24 30 31 32 33 34 37 38 39 40 41 42 43 44 46 47 48 49 50 

heuristic opt:
score:396731.0
facility 1:3 6 10 11 12 17 20 25 29 30 36 45 46 
facility 2:2 5 14 26 28 31 35 
facility 3:4 7 16 21 27 34 47 
facility 4:1 8 9 13 15 18 19 22 23 24 32 33 37 38 39 40 41 42 43 44 48 49 50 

-----------
heuristic:
score:351141.0
facility 1:40 50 
facility 3:16 
facility 12:1 2 3 4 5 6 7 8 9 10 11 12 13 14 15 17 18 19 20 21 22 23 24 25 26 27 28 29 30 31 32 33 34 35 36 37 38 39 41 42 43 44 45 46 47 48 49 

heuristic opt:
score:304264.0
facility 1:13 22 35 36 40 41 43 45 50 
facility 3:12 14 15 16 17 28 31 47 
facility 12:1 2 3 4 5 6 7 8 9 10 11 18 19 20 21 23 24 25 26 27 29 30 32 33 34 37 38 39 42 44 46 48 49 

-----------
heuristic:
score:449195.0
facility 1:7 8 12 15 18 21 23 24 26 29 34 37 41 45 
facility 2:1 2 3 6 9 11 13 14 16 19 20 22 25 28 30 32 33 35 36 38 39 40 43 48 49 
facility 3:27 50 
facility 4:4 5 10 17 31 42 44 46 47 

heuristic opt:
score:299118.0
facility 1:8 12 15 20 21 23 25 26 28 29 33 
facility 2:1 9 13 16 19 22 30 32 36 38 39 40 43 48 
facility 3:11 14 18 27 34 44 46 49 50 
facility 4:2 3 4 5 6 7 10 17 24 31 35 37 41 42 45 47 

-----------
heuristic:
score:566598.0
facility 1:1 6 9 17 20 21 31 33 34 36 42 43 44 45 48 
facility 2:3 4 5 7 10 11 12 13 14 16 18 23 24 26 29 30 35 37 40 41 46 47 50 
facility 3:27 
facility 4:2 8 15 19 22 25 28 32 38 39 49 

heuristic opt:
score:351662.0
facility 1:3 5 6 9 10 13 18 30 44 45 
facility 2:11 12 14 23 24 26 29 35 37 40 
facility 3:8 17 20 21 25 27 28 33 34 36 39 41 42 47 48 49 50 
facility 4:1 2 4 7 15 16 19 22 31 32 38 43 46 

-----------
heuristic:
score:452956.0
facility 1:3 7 8 12 14 15 19 20 21 22 29 30 31 34 39 41 45 47 48 49 50 
facility 2:9 23 28 32 36 37 42 46 
facility 3:1 2 4 5 6 10 13 16 17 18 24 25 26 27 33 35 38 40 43 44 
facility 6:11 

heuristic opt:
score:297390.0
facility 1:3 7 14 15 19 21 22 41 
facility 2:4 8 13 26 30 31 33 34 36 38 39 42 46 48 
facility 3:1 2 5 10 17 18 20 24 25 27 43 45 50 
facility 6:6 9 11 12 16 23 28 29 32 35 37 40 44 47 49 

-----------
heuristic:
score:470511.0
facility 1:7 11 13 18 35 45 46 49 
facility 2:3 4 5 6 9 10 12 14 16 17 19 22 24 25 27 28 29 30 34 36 37 38 40 41 42 47 50 
facility 4:48 
facility 7:1 2 8 15 20 21 23 26 31 32 33 39 43 44 

heuristic opt:
score:286048.0
facility 1:13 18 35 38 42 
facility 2:3 4 10 14 16 22 25 28 41 50 
facility 4:2 5 6 7 9 11 19 20 23 36 39 48 
facility 7:1 8 12 15 17 21 24 26 27 29 30 31 32 33 34 37 40 43 44 45 46 47 49 

-----------
heuristic:
score:493748.0
facility 1:3 7 9 16 19 24 28 30 31 32 36 39 43 
facility 2:1 2 5 6 10 11 12 13 14 15 17 18 22 23 25 26 27 29 35 37 38 41 42 44 45 47 48 49 50 
facility 4:4 40 
facility 9:8 20 21 33 34 46 

heuristic opt:
score:246280.0
facility 1:9 12 15 16 19 27 29 31 32 41 45 
facility 2:5 14 17 23 25 37 42 
facility 4:3 4 7 8 11 22 28 34 38 39 40 46 48 49 
facility 9:1 2 6 10 13 18 20 21 24 26 30 33 35 36 43 44 47 50 

-----------
heuristic:
score:466395.0
facility 1:1 2 7 11 12 13 15 16 18 22 24 27 30 32 35 37 39 40 48 49 
facility 2:33 34 46 
facility 3:28 
facility 4:3 4 5 6 8 9 10 14 17 19 20 21 23 25 26 29 31 36 38 41 42 43 44 45 47 50 

heuristic opt:
score:358396.0
facility 1:1 2 11 12 13 16 18 22 24 32 39 48 49 
facility 2:4 7 8 17 19 27 30 33 34 38 40 41 45 46 
facility 3:6 20 25 26 28 35 36 37 42 50 
facility 4:3 5 9 10 14 15 21 23 29 31 43 44 47 

-----------
heuristic:
score:364584.0
facility 1:6 7 16 18 19 26 32 34 35 40 44 45 47 49 
facility 3:1 2 3 4 5 8 10 11 13 14 15 20 21 22 23 24 25 28 29 31 33 36 37 41 42 43 50 
facility 7:9 12 17 27 30 38 39 46 48 

heuristic opt:
score:280983.0
facility 1:1 6 7 16 18 23 31 32 33 35 40 45 47 
facility 3:2 3 4 5 10 13 14 15 20 24 28 29 41 43 
facility 7:8 9 11 12 17 19 21 22 25 26 27 30 34 36 37 38 39 42 44 46 48 49 50 

-----------
heuristic:
score:448791.0
facility 1:1 6 7 9 10 14 19 20 21 23 24 29 30 31 32 39 41 42 48 49 50 
facility 2:3 5 11 12 13 16 17 18 22 26 28 34 35 36 37 38 40 43 45 46 
facility 4:2 4 8 27 33 44 47 
facility 5:15 25 

heuristic opt:
score:266857.0
facility 1:1 6 9 19 20 29 30 32 42 50 
facility 2:3 13 18 22 28 38 39 41 43 45 46 
facility 4:2 10 14 17 23 24 26 27 33 36 40 44 
facility 5:4 5 7 8 11 12 15 16 21 25 31 34 35 37 47 48 49 

-----------
heuristic:
score:381089.0
facility 1:3 6 7 11 21 23 27 30 31 33 44 46 
facility 3:1 4 8 9 10 12 13 15 16 18 19 20 22 24 25 26 28 29 32 34 35 36 38 39 41 42 43 47 48 49 50 
facility 4:5 
facility 5:2 14 17 37 40 45 

heuristic opt:
score:245841.0
facility 1:7 15 31 33 38 43 46 
facility 3:1 4 8 9 10 13 16 18 20 26 28 34 39 47 49 50 
facility 4:5 11 12 17 21 22 23 25 29 30 32 35 40 
facility 5:2 3 6 14 19 24 27 36 37 41 42 44 45 48 

-----------
heuristic:
score:470767.0
facility 1:1 2 3 16 17 31 40 45 46 
facility 2:4 5 7 9 10 11 12 13 18 21 23 24 25 26 27 28 29 30 32 34 35 36 37 38 39 43 44 
facility 3:20 
facility 7:6 8 14 15 19 22 33 41 42 47 48 49 50 

heuristic opt:
score:348058.0
facility 1:2 3 5 31 32 36 40 45 
facility 2:4 10 12 18 23 24 25 26 27 29 37 39 44 
facility 3:1 7 15 16 17 19 20 21 33 34 43 46 
facility 7:6 8 9 11 13 14 22 28 30 35 38 41 42 47 48 49 50 

-----------
heuristic:
score:391579.0
facility 1:3 4 9 14 20 22 25 26 27 29 32 35 37 38 42 46 50 
facility 2:10 11 13 17 19 39 49 
facility 4:1 2 5 6 7 8 12 15 16 18 21 23 24 28 30 31 33 34 36 40 41 43 44 45 47 48 

heuristic opt:
score:340831.0
facility 1:4 9 14 20 22 26 27 29 37 38 42 46 50 
facility 2:10 11 13 15 17 19 28 30 35 36 39 43 44 49 
facility 4:1 2 3 5 6 7 8 12 16 18 21 23 24 25 31 32 33 34 40 41 45 47 48 

-----------
heuristic:
score:435160.0
facility 1:6 14 19 25 30 33 36 40 41 43 
facility 3:1 4 5 8 9 10 11 12 13 16 17 21 22 23 26 27 28 29 31 32 34 35 38 39 42 44 45 46 48 49 50 
facility 6:2 3 7 15 18 20 24 37 47 

heuristic opt:
score:321040.0
facility 1:5 6 9 14 28 30 35 39 40 41 43 46 
facility 3:10 16 17 21 22 23 26 27 32 34 38 44 45 48 49 
facility 6:1 2 3 4 7 8 11 12 13 15 18 19 20 24 25 29 31 33 36 37 42 47 50 

-----------
heuristic:
score:460149.0
facility 1:2 5 9 18 26 31 32 
facility 2:1 3 6 11 16 19 23 27 28 38 41 45 47 
facility 3:4 7 12 13 14 15 17 20 21 22 24 25 29 30 33 34 35 37 39 40 42 43 44 46 48 50 
facility 4:8 10 36 49 

heuristic opt:
score:361858.0
facility 2:1 2 7 19 20 26 27 33 35 
facility 3:4 12 13 14 17 21 22 25 34 37 39 42 43 44 48 50 
facility 4:3 5 6 8 9 10 11 15 16 18 23 24 28 29 30 31 32 36 38 40 41 45 46 47 49 

-----------
heuristic:
score:469189.0
facility 1:1 2 6 10 11 12 15 18 19 21 23 31 33 34 36 37 39 40 42 44 45 47 
facility 2:3 13 14 20 22 25 26 27 28 29 30 41 43 46 48 50 
facility 3:4 5 7 9 16 17 24 38 49 
facility 5:8 32 35 

heuristic opt:
score:316245.0
facility 1:2 12 19 33 36 40 42 44 47 
facility 2:3 18 20 22 23 25 30 31 34 37 46 48 50 
facility 3:5 6 9 10 16 21 24 27 38 41 43 45 
facility 5:1 4 7 8 11 13 14 15 17 26 28 29 32 35 39 49 

-----------
heuristic:
score:377949.0
facility 1:2 3 4 6 7 11 14 16 18 20 23 25 27 28 30 31 32 33 42 49 
facility 2:17 21 24 37 38 43 
facility 4:9 41 
facility 5:1 5 8 10 12 13 15 19 22 26 29 34 35 36 39 40 44 45 46 47 48 50 

heuristic opt:
score:286436.0
facility 1:3 11 16 23 25 31 33 49 
facility 2:17 19 21 24 28 38 43 44 
facility 4:4 8 9 13 20 22 27 34 37 39 41 46 47 
facility 5:1 2 5 6 7 10 12 14 15 18 26 29 30 32 35 36 40 42 45 48 50 

-----------
heuristic:
score:401062.0
facility 1:1 6 9 15 21 34 43 45 49 
facility 2:2 4 5 7 8 11 12 16 17 19 20 23 25 26 28 29 30 31 32 33 35 36 38 39 40 41 42 44 46 47 50 
facility 3:24 37 
facility 5:3 10 13 14 18 22 27 48 

heuristic opt:
score:269188.0
facility 1:1 9 17 21 34 35 38 40 45 49 
facility 2:2 4 5 11 19 20 28 29 32 33 39 41 44 46 47 
facility 3:12 16 18 24 25 26 27 37 50 
facility 5:3 6 7 8 10 13 14 15 22 23 30 31 36 42 43 48 

-----------
heuristic:
score:448593.0
facility 1:1 5 10 11 13 14 15 16 18 19 24 28 30 36 39 40 41 42 44 45 46 47 48 50 
facility 41:2 3 4 6 7 8 9 12 17 20 21 22 23 25 26 27 29 31 32 33 34 35 37 38 43 49 

heuristic opt:
score:298137.0
facility 1:5 14 18 19 28 30 40 46 47 50 
facility 41:1 2 3 4 6 7 8 9 10 11 12 13 15 16 17 20 21 22 23 24 25 26 27 29 31 32 33 34 35 36 37 38 39 41 42 43 44 45 48 49 

-----------
heuristic:
score:424503.0
facility 1:2 5 7 9 10 12 13 14 15 16 22 25 26 28 30 31 33 34 38 40 42 43 46 49 50 
facility 2:4 8 17 18 24 32 36 37 39 41 44 47 
facility 3:3 27 
facility 4:1 6 11 19 20 21 23 29 35 45 48 

heuristic opt:
score:296880.0
facility 1:2 7 10 13 14 15 22 25 26 30 33 38 40 43 50 
facility 2:4 5 12 18 24 31 32 36 42 46 47 
facility 3:3 8 11 19 20 27 34 37 41 44 49 
facility 4:1 6 9 16 17 21 23 28 29 35 39 45 48 

-----------
heuristic:
score:385727.0
facility 1:6 7 8 10 11 18 19 20 22 27 32 36 37 38 39 41 43 45 46 47 48 49 50 
facility 3:13 14 21 
facility 5:12 33 
facility 7:1 2 3 4 5 9 15 16 17 23 24 25 26 28 29 30 31 34 35 40 42 44 

heuristic opt:
score:207429.0
facility 1:6 32 39 45 48 
facility 3:1 13 19 21 22 24 30 34 40 43 50 
facility 5:5 8 11 12 14 17 25 31 33 37 38 46 47 49 
facility 7:2 3 4 7 9 10 15 16 18 20 23 26 27 28 29 35 36 41 42 44 

-----------
heuristic:
score:385727.0
facility 1:6 7 8 10 11 18 19 20 22 27 32 36 37 38 39 41 43 45 46 47 48 49 50 
facility 3:13 14 21 
facility 5:12 33 
facility 7:1 2 3 4 5 9 15 16 17 23 24 25 26 28 29 30 31 34 35 40 42 44 

heuristic opt:
score:207429.0
facility 1:6 32 39 45 48 
facility 3:1 13 19 21 22 24 30 34 40 43 50 
facility 5:5 8 11 12 14 17 25 31 33 37 38 46 47 49 
facility 7:2 3 4 7 9 10 15 16 18 20 23 26 27 28 29 35 36 41 42 44 

########################################################
heuristic:    4.8317091E7
heuristic opt:3.2209851E7

media heuristic:    478387.0396039604
media heuristic opt:318909.41584158415

score: 1.5000718568986862
