5 12
93 85 91 40 121
141 8 76 35 71 144 136 99 76 136 53 164
192 109 9999 141 9999 9999 163 9999 9999 62 9999 9999
167 9999 9999 9999 65 9999 9999 8 164 9999 119 181
198 9999 80 9999 194 127 60 103 9999 9999 122 9999
9999 100 75 9999 9999 9999 9999 9999 129 67 139 57
199 1 194 101 9999 62 9999 100 199 133 9999 164

5 12
165 188 23 9 1
84 135 4 101 115 17 66 95 56 44 36 27
9999 9999 9999 76 9999 9999 9999 9999 9999 149 79 62
9999 9999 9999 40 74 46 141 9999 146 9999 76 128
9999 106 88 9999 91 9999 43 9 3 136 110 23
180 41 12 9999 104 149 9999 9999 58 178 9999 9999
176 122 138 75 4 40 157 90 9999 169 82 4

5 12
54 79 141 38 88
79 102 67 93 25 103 103 47 40 61 117 58
136 9999 46 9999 9999 9999 156 9999 44 9999 9999 9999
9999 9999 9999 170 55 160 22 90 9999 188 4 100
174 163 9999 9999 9999 8 9999 74 68 184 9999 9999
175 9999 164 167 176 125 9999 153 9999 9999 59 68
34 37 36 176 22 9999 64 127 52 153 22 144

5 12
10 151 136 26 41
17 155 30 133 149 196 172 89 119 137 67 117
100 9999 113 38 70 9999 158 9999 9999 9999 133 9999
9999 191 199 9999 9999 197 9999 159 162 92 9999 9999
9999 82 9999 9999 144 9999 196 9999 110 9999 44 49
76 176 50 70 9999 9999 9999 9999 9999 81 9999 9999
44 9999 20 101 159 131 9999 197 38 198 55 127

5 12
64 79 172 172 32
95 79 20 194 126 160 53 140 144 69 7 35
112 9999 9999 9999 35 26 9999 1 9999 38 90 9999
9999 39 109 9999 9999 114 94 169 20 9999 144 9999
36 35 71 34 9999 9999 197 9999 9999 138 9999 136
100 9999 165 155 2 70 9999 101 9 9999 9999 78
199 148 90 9999 48 14 58 124 127 9999 9999 43

5 12
42 52 169 163 125
168 149 61 165 38 114 71 177 19 108 68 99
9999 192 184 94 195 9999 9999 9999 9999 9999 156 9999
178 9999 111 9999 9999 9999 112 9999 106 29 9999 149
137 130 9999 72 9999 9999 9999 154 88 24 152 9999
133 102 9999 169 9999 112 9999 51 90 57 9999 143
18 68 9999 9999 50 180 173 46 9999 9999 160 148

5 12
6 15 113 37 176
181 152 21 111 128 15 139 44 168 161 25 17
9999 23 97 115 131 9999 120 143 134 19 9999 9999
120 9999 131 9999 9999 70 9999 9999 9999 9999 9999 9999
124 181 9999 9999 9999 124 80 9999 105 9999 143 95
181 9999 9999 95 9999 187 135 87 162 148 127 9999
152 21 10 9999 86 9999 112 9999 52 9999 9999 112

5 12
151 132 40 36 172
50 132 100 24 64 156 119 37 77 144 135 173
9999 9999 81 136 195 9999 102 9999 74 9999 59 9999
20 21 9999 9999 9999 149 9999 6 9999 9999 23 167
194 59 157 9999 9999 9999 9999 9999 9999 9999 139 144
9999 96 182 82 26 95 198 21 58 98 93 80
43 181 59 178 9999 29 36 166 100 177 9999 117

5 12
102 60 143 76 197
98 38 95 126 126 90 98 20 58 6 68 157
9999 9999 118 9999 65 80 150 90 182 144 9999 9999
124 9999 175 9999 9999 40 46 71 9999 9999 9999 171
84 9999 9999 18 120 9999 113 9999 6 102 61 103
9999 147 163 49 37 56 123 173 9999 9999 107 9999
183 66 9999 62 9999 9999 110 40 9999 93 118 158

5 12
1 75 9 102 3
60 103 2 170 110 173 144 46 29 47 129 152
9999 9999 9999 9999 56 9999 9999 9999 9999 9999 9999 9999
150 171 122 62 9999 67 134 9999 9999 159 9999 93
9999 9999 37 9999 9999 71 105 9999 9999 134 137 135
52 84 9999 9999 187 9999 9999 131 74 159 4 9999
195 124 53 131 9999 150 96 103 55 9999 68 160

5 12
73 65 144 80 154
144 138 163 194 197 132 188 98 174 21 82 181
9999 9999 149 9999 9999 9999 154 144 9999 9999 9999 9999
127 15 125 9999 9999 60 9999 47 163 9999 9999 71
9999 130 9999 9999 176 45 107 9999 105 191 60 170
111 9999 9999 46 32 9999 9999 9999 9999 76 145 9999
9999 9999 9999 17 30 41 9999 141 169 9999 16 138

5 12
127 19 190 44 64
143 120 185 147 144 93 59 65 111 100 168 116
169 9999 9999 9999 9999 9999 9999 9999 9999 20 33 9999
123 9999 15 183 39 9999 4 70 9999 188 16 9999
9999 92 9999 27 46 94 49 9999 75 9999 9999 9999
145 105 37 179 42 9999 9999 73 100 189 27 158
9999 193 9999 114 9999 26 117 63 9999 9999 9999 178

5 12
1 169 100 189 6
8 55 130 65 164 148 107 88 157 51 146 7
162 5 9999 151 9999 72 16 9999 77 9999 60 7
139 9999 9999 9999 83 131 198 9999 9999 29 9999 136
9999 37 73 34 164 162 9999 30 9999 22 170 9999
118 141 142 185 9999 9999 11 3 69 9999 9999 9999
7 9999 9999 9999 9999 186 63 15 122 172 9999 9999

5 12
86 97 72 53 82
75 199 197 143 152 60 79 168 152 109 76 196
93 9999 9999 28 9999 9999 43 9999 2 9999 9999 9999
9999 9999 19 9999 194 99 9999 157 9999 21 82 90
65 67 9999 9999 147 9999 9999 48 93 88 9999 9999
181 141 33 9999 175 9999 1 91 9999 9999 36 9999
9999 104 150 101 9999 14 60 164 144 49 9999 37

5 12
95 109 95 21 22
29 24 31 82 175 178 184 133 155 102 105 44
9999 9999 9999 9999 126 9999 9999 116 122 150 9999 109
9999 9999 9999 197 9999 57 171 9999 159 173 75 120
146 169 157 9999 65 103 9999 132 9999 9999 96 71
9999 9999 18 158 88 123 146 9999 97 138 124 9999
176 183 109 194 80 92 98 70 190 50 107 9999

5 12
50 70 9 88 78
151 87 143 62 151 137 27 146 155 162 119 173
170 9999 9999 9999 9999 9999 5 12 9999 9999 16 178
9999 118 163 162 97 142 9999 9999 99 15 9999 9999
9999 55 173 9999 9999 26 125 9999 9999 74 9999 156
76 9999 50 160 196 9999 32 33 15 69 171 197
48 124 131 61 183 125 63 116 86 9999 126 181

5 12
97 90 151 113 84
181 88 126 121 35 63 56 11 33 159 74 125
9999 9999 183 9999 9999 37 9999 172 113 122 9 9999
143 19 9999 191 167 134 73 9999 49 9999 2 9999
9999 79 118 116 51 70 135 191 9999 9999 9999 92
33 9999 132 39 164 148 9999 90 198 148 83 180
39 29 132 164 9999 9999 119 198 27 180 9999 196

5 12
6 103 119 171 131
124 7 148 143 138 85 106 170 158 95 75 40
29 9999 77 10 9999 9999 9999 25 9999 9999 9999 186
9999 197 28 9999 9999 9999 189 9999 193 161 9999 9999
33 141 132 81 26 35 156 96 9999 9999 73 110
9999 100 9999 123 175 148 9999 104 9999 94 139 63
170 66 142 9999 147 146 63 97 189 9999 47 9999

5 12
56 104 68 159 124
25 182 24 194 68 12 43 186 123 164 53 178
27 1 9999 9999 122 9999 9999 9999 9999 171 9999 96
13 91 75 51 91 9999 101 163 4 9999 38 49
87 73 187 194 9999 161 105 190 9999 33 110 9999
148 62 9999 9999 9999 91 9999 156 104 9999 134 25
9999 126 7 188 189 9999 84 167 66 168 161 9999

5 12
53 29 158 13 26
128 51 193 103 131 81 98 91 166 68 189 86
9999 9999 151 9999 114 9999 9999 9999 9999 145 9999 9999
9999 9999 9999 31 9999 71 9999 9999 9999 9999 192 9999
77 155 9999 157 9999 32 50 152 121 23 181 15
77 9999 15 118 17 143 9999 111 151 97 9999 146
129 156 120 9999 196 175 177 147 15 9999 171 194

5 12
183 98 69 196 187
174 183 109 56 172 17 96 76 183 193 52 74
180 9999 50 9999 9999 9999 9999 31 9999 191 12 118
9999 9999 167 9999 185 170 71 9999 132 148 9999 9999
9999 9999 138 81 177 9999 147 43 31 100 9999 8
64 52 98 105 9999 86 9999 9999 9999 9999 9999 9999
19 153 9999 88 9999 128 53 179 9999 21 98 175

5 12
33 131 102 10 88
98 136 182 51 183 165 14 10 114 133 23 10
175 9999 180 89 188 40 9999 12 9999 9999 93 9999
146 154 114 185 9999 9999 9999 9999 9999 166 186 139
9999 76 9999 9999 78 68 196 30 145 190 109 50
9999 26 9999 56 32 71 41 9999 9999 161 85 9999
72 9999 127 115 9999 41 143 9999 127 183 180 51

5 12
150 34 107 76 32
112 59 94 141 22 26 93 46 124 8 12 16
9999 21 77 32 9999 9999 9999 9999 118 9999 9999 9999
165 9999 9999 9999 42 9999 144 38 9999 118 9999 68
160 78 176 9999 40 26 22 9999 10 193 9999 184
11 143 142 60 9999 144 59 9999 143 1 27 92
50 158 9999 116 36 39 58 39 9999 23 103 100

5 12
147 101 46 70 40
147 66 29 78 97 76 95 57 26 25 119 15
41 27 39 9999 178 10 9999 126 67 9999 121 163
9999 42 132 24 58 9999 104 9999 9999 9999 9999 181
140 9999 9999 9999 2 9999 9999 9999 9999 78 9999 9999
9999 99 9999 161 9999 125 190 9999 58 7 133 61
9999 9999 9999 92 127 186 9999 47 103 165 9999 182

5 12
77 177 29 131 102
188 25 181 55 43 142 177 166 104 19 150 21
9999 109 9999 9999 132 9999 9999 9999 141 197 151 9999
9999 116 138 81 9999 191 58 189 9999 9999 52 9999
133 47 9999 103 195 132 9999 89 31 9999 158 28
103 116 102 25 82 9999 9 55 125 59 9999 178
49 171 137 9999 128 180 31 9999 29 158 128 34

5 12
81 180 166 195 6
189 101 112 55 182 12 46 145 41 136 57 138
9999 9999 9999 139 9999 9999 9999 9999 1 9999 156 9999
9999 157 9999 89 192 143 109 133 180 96 9999 9999
82 29 53 99 161 110 98 9999 102 9999 45 12
121 131 9999 9999 182 9999 9999 10 9999 159 55 3
9999 9999 96 9999 146 147 14 102 32 58 141 9999

5 12
165 38 125 81 48
146 177 198 20 179 124 137 105 142 151 195 109
189 9999 9999 9999 9999 64 9999 9999 9999 9999 9999 133
59 172 41 41 9999 9999 9999 64 9999 9999 9999 99
122 9999 9999 103 194 153 6 7 196 198 9999 9999
9999 170 181 9999 167 123 118 197 9999 67 123 74
167 37 137 165 199 16 73 36 44 48 121 121

5 12
115 177 24 31 192
42 195 155 22 44 72 60 103 30 9 155 194
9999 9999 9999 9999 9999 9999 177 9999 144 137 9999 9999
9999 65 9999 9999 23 77 9999 9999 9999 9999 108 9999
160 16 14 166 164 9999 116 9999 9999 26 39 9999
74 9999 185 65 9999 123 48 123 165 176 9999 117
169 161 44 55 182 9999 136 38 54 188 9999 54

5 12
93 17 130 138 62
80 87 197 183 65 144 70 69 142 8 62 4
9999 9999 144 9999 9999 172 97 9999 9999 9999 9999 85
9999 9999 9999 9999 9999 9999 9999 26 177 9999 9999 139
197 185 9999 189 41 9999 139 9999 9999 5 151 44
178 170 9999 19 173 138 65 90 72 116 23 9999
165 9999 131 175 9999 120 91 153 197 2 180 63

5 12
157 183 96 26 43
107 51 30 102 115 62 69 84 181 91 58 126
9999 9999 9999 64 9999 9999 9999 87 9999 192 9999 182
133 9999 13 199 9999 9999 13 9999 9999 112 9999 9999
144 195 9999 193 4 118 61 9999 150 9999 5 9999
9999 141 9999 9999 4 64 107 87 9999 114 9999 198
12 35 108 9999 120 52 160 190 143 136 63 9999

5 12
5 55 170 126 125
116 100 174 113 61 19 64 75 66 31 3 119
9 70 9999 123 33 9999 168 9999 92 9999 9999 9999
9999 157 170 167 198 66 9999 146 98 56 9999 9999
9999 9999 9999 9999 36 109 79 187 9999 161 56 1
9999 196 24 9999 9999 189 9999 9999 28 16 21 117
167 9999 67 38 52 159 46 53 9999 157 88 74

5 12
184 22 165 151 159
106 152 172 159 118 79 152 87 48 181 26 64
9999 184 186 127 9999 9999 9999 46 9999 9999 9999 133
30 9999 5 9999 9999 9999 124 9999 74 17 23 9999
34 40 9999 188 83 48 132 9999 65 152 9999 29
92 9999 149 9999 109 143 143 31 9999 9999 187 142
163 186 9999 15 45 102 180 104 9999 168 20 67

5 12
169 125 150 65 50
163 58 122 72 80 18 9 43 146 125 44 151
124 66 123 9999 9999 165 9999 158 138 9999 9999 177
147 175 188 199 125 108 101 9999 191 9999 9999 17
126 9999 9999 9999 9999 9999 55 156 9999 123 88 78
94 9999 9999 149 66 9999 46 9999 160 140 48 126
131 44 9999 91 114 108 9999 108 197 21 8 9999

5 12
196 69 147 162 73
197 69 196 65 37 170 176 68 92 162 123 60
139 36 9999 182 9999 9999 76 9999 179 179 93 116
9999 9999 90 9999 9999 112 9999 9999 9999 9999 60 9999
152 9999 188 9999 116 17 113 9999 9999 100 124 18
112 138 87 137 24 9999 63 133 9999 182 9999 168
61 127 9999 100 134 52 86 131 168 111 193 9999

5 12
16 53 101 113 103
43 26 119 160 173 103 14 126 2 100 139 95
9999 110 34 196 6 9999 9999 9999 9999 117 9999 9999
9999 27 112 9999 153 110 9999 146 188 9999 9999 9999
178 9999 44 9999 9999 184 143 9999 176 9999 57 9999
8 9999 9999 49 9999 190 37 52 9999 106 12 144
58 79 9999 9999 103 9999 5 85 107 27 37 28

5 12
103 98 47 191 11
146 37 60 45 64 29 20 144 53 69 122 30
77 9999 9999 9999 9999 9999 9999 9 9999 118 9999 9999
190 9999 9999 85 9999 190 173 41 69 9999 102 9999
9999 9999 10 99 21 149 185 9999 25 9999 172 69
9999 108 130 119 22 97 135 9999 42 54 11 70
34 171 18 9999 9999 45 62 60 151 9999 100 28

5 12
144 83 140 29 8
177 74 58 26 160 78 145 138 137 130 150 167
148 9999 9999 4 127 106 9999 138 9999 9999 9999 9999
9999 32 195 121 9999 24 88 9999 190 33 135 166
9999 9999 4 9999 185 55 9999 178 40 107 73 75
9999 4 107 88 146 9999 9999 9999 31 21 106 9999
42 188 9999 195 166 9999 9 18 9999 9999 187 7

5 12
44 162 105 111 88
191 167 103 21 172 60 80 83 26 130 109 157
9999 9999 9999 9999 9999 154 88 59 35 9999 9999 9999
125 119 9999 15 141 9999 9999 9999 9999 9999 126 9999
9999 9999 46 77 9999 67 9999 9999 9999 9999 9999 20
65 4 131 4 104 73 136 155 187 68 32 9999
91 69 75 9999 12 169 98 150 175 96 11 47

5 12
175 47 47 71 5
57 149 73 177 172 66 119 196 31 124 38 142
9999 81 9999 9999 108 9999 9999 9999 114 9999 9999 9999
145 9999 154 191 9999 137 17 9999 9999 136 177 9999
9999 49 9999 9999 89 9999 9999 9999 9999 18 191 98
181 129 58 56 172 161 56 151 72 9999 9999 36
104 113 9999 186 161 25 75 198 9999 63 9999 30

5 12
140 53 6 181 131
164 175 190 82 129 168 151 81 34 119 173 138
39 127 86 6 160 7 9999 14 9999 9999 9999 9999
9999 9999 9999 122 60 9999 9999 26 9999 95 117 194
119 9999 9999 9999 159 149 76 18 152 185 9999 169
194 125 186 9999 9999 9999 9999 135 9999 9999 128 72
175 184 82 51 142 71 66 9999 83 176 2 9999

5 12
193 184 195 135 115
170 44 128 96 126 13 77 182 167 68 38 11
151 9999 9999 71 9999 1 76 130 9999 9999 9999 9999
89 9999 9999 9999 134 9999 9999 10 165 172 17 9999
9999 9999 9 9999 9999 176 9999 163 191 156 135 125
148 106 101 78 30 184 161 9999 30 9999 9999 73
9999 84 21 36 160 141 2 100 172 110 30 158

5 12
1 171 104 179 43
47 71 22 174 98 11 110 97 111 106 150 155
9999 9999 146 100 9999 74 9999 9999 9999 9999 9999 96
149 185 9999 9999 9999 24 54 149 9999 9999 18 55
9999 196 49 9999 131 9999 173 117 26 152 88 9999
17 120 95 10 154 9999 138 29 9999 128 9999 4
26 120 82 165 34 59 190 9999 198 136 9999 9999

5 12
77 184 17 141 123
62 53 67 56 65 163 133 153 8 198 150 190
9999 87 9999 26 148 9999 9999 9999 31 9999 13 9999
177 143 9999 9999 105 198 132 69 14 7 9999 6
48 9999 159 9999 9999 9999 161 164 9999 3 184 9999
9999 9999 9999 17 137 9999 8 9999 150 68 9999 171
118 187 78 44 49 110 60 110 88 28 9999 14

5 12
28 138 196 91 198
52 6 176 183 146 158 98 45 16 168 37 55
9999 9999 9999 9999 9999 91 9999 9999 9999 9999 9999 9999
171 29 9999 9999 13 154 64 156 9999 9999 9999 30
6 56 13 132 93 9999 9999 43 9999 48 62 19
189 9999 60 24 9999 26 73 145 87 131 73 76
148 120 113 58 124 142 53 9999 27 9999 9999 9999

5 12
132 167 67 152 23
181 134 168 177 155 118 53 97 87 8 4 181
164 9999 113 9999 25 9999 158 9999 9999 9999 9999 9999
9999 146 9999 104 9999 2 9999 9999 9999 9999 39 9999
9999 9999 9999 9999 9999 71 57 144 9999 181 104 74
194 9999 135 9999 9999 9999 30 141 23 142 26 128
171 194 30 170 35 71 48 9999 99 191 38 61

5 12
95 76 103 118 93
165 71 60 116 196 180 39 15 160 118 2 63
9999 43 139 9999 56 9999 9999 9999 7 9999 47 134
9999 101 133 116 9999 9999 138 6 9999 12 9999 146
60 196 9999 9999 29 170 9999 9999 79 9999 84 9999
161 9999 78 145 9999 174 104 47 130 183 9999 79
9999 12 189 9999 175 121 125 118 94 9999 62 40

5 12
153 126 19 150 152
8 18 174 85 146 167 166 106 92 122 76 122
134 9999 36 9999 23 151 189 56 113 9999 9999 58
9999 125 78 9999 9999 82 9999 30 9999 113 87 9999
193 28 9999 8 9999 9999 95 9999 30 196 9999 119
9999 143 9999 9999 98 184 183 9999 195 9999 16 196
52 185 78 177 9999 97 140 9999 9999 161 49 44

5 12
123 149 76 11 46
181 85 132 188 1 194 143 170 28 137 153 64
194 9999 142 104 9999 52 9999 9999 153 85 9999 9999
9999 96 46 9999 110 9999 172 154 9999 9999 122 142
9999 9999 78 76 121 187 9999 144 9999 9999 40 40
51 149 85 30 9999 9999 178 9999 84 87 9999 9999
9999 16 9999 95 122 121 130 57 71 59 82 172

5 12
55 75 77 104 93
179 97 184 141 141 141 57 80 122 84 102 102
155 9999 9999 9999 9999 9999 9999 151 9999 9999 9999 182
9999 179 9999 9999 172 77 76 9999 172 9999 76 154
173 174 36 9999 94 128 39 9999 9999 121 52 148
9999 9999 126 22 132 9999 9999 25 9999 125 9999 164
121 151 54 111 9999 9999 186 9999 199 194 70 9999

5 12
104 76 103 87 2
135 195 155 50 158 172 78 34 141 136 96 19
9999 59 9999 9999 9999 9999 9999 131 55 127 9999 60
86 8 155 9999 9999 9999 86 84 9999 9999 9999 17
9999 139 9999 102 45 5 128 9999 9999 38 41 9999
176 9999 176 9999 157 9999 73 9999 27 77 16 9999
9999 67 9999 55 9999 135 199 29 22 105 84 70

5 12
186 32 8 63 70
160 54 78 167 114 120 199 173 112 52 159 38
9999 9999 9999 167 70 185 162 131 16 142 9999 9999
9999 9999 109 148 9999 43 9999 9999 82 9999 67 9999
38 59 9999 88 9999 9999 9999 71 9999 9999 39 143
9999 102 114 162 53 95 12 171 60 9999 61 22
186 29 126 188 63 70 9999 175 194 63 9999 77

5 12
164 111 93 119 152
73 153 12 123 182 101 119 118 170 53 62 197
9999 85 9999 9999 95 46 9999 49 4 9999 195 9999
43 79 9999 9999 9999 71 9999 127 83 9999 145 9999
27 57 187 188 9999 196 198 9999 67 161 9999 8
9999 9999 114 9999 9999 9999 145 9999 122 166 9999 129
131 9999 104 190 29 9999 45 149 181 195 3 87

5 12
69 55 195 107 196
185 148 123 115 142 132 14 121 122 197 107 77
9999 9999 151 9999 10 9999 9999 141 9999 9999 122 9999
106 9999 8 9999 44 14 10 9999 77 106 9999 37
74 22 9999 32 9999 131 4 90 9999 107 134 107
9999 9999 9999 9999 9999 9999 9999 9999 141 9999 9999 183
199 190 9999 2 168 93 24 159 11 76 65 9999

5 12
101 140 21 45 186
168 188 49 156 171 136 188 136 197 163 95 96
9999 119 9999 9999 9999 72 173 9999 75 9999 9999 13
120 186 118 187 162 9999 172 9999 9999 114 40 9999
59 9999 35 9999 9999 84 9999 9999 169 76 9999 141
9999 47 9999 53 9999 9999 131 70 107 9999 61 9999
128 39 188 104 106 176 130 157 9999 181 9999 9999

5 12
146 105 165 56 127
17 86 89 173 172 88 126 80 185 31 35 84
9999 188 9999 153 9999 9999 9999 9999 84 114 9999 75
9999 89 9999 9 127 9999 51 9999 9999 9999 56 9999
197 9999 186 9999 130 187 188 2 175 78 9999 33
159 48 48 95 9999 9999 182 178 9999 76 130 113
9999 9999 94 92 199 155 103 109 155 9999 20 198

5 12
101 181 21 4 148
23 195 188 2 148 107 56 142 90 12 80 133
9999 9999 9999 9999 9999 9999 99 9999 9999 9999 93 180
153 116 9999 9999 9999 9999 170 9999 43 9999 37 9999
128 106 169 100 62 94 9999 63 131 147 9999 9999
75 46 9999 88 68 18 4 9999 77 125 65 64
151 9999 190 115 3 198 9999 191 1 193 176 101

5 12
87 188 86 29 32
69 84 164 69 28 35 88 52 72 33 162 35
56 9999 151 9999 54 9999 9999 56 9999 65 151 35
112 169 92 9999 75 158 89 9999 145 9999 9999 90
9999 9999 20 31 9999 9999 121 9999 9999 147 9999 9999
87 150 9999 156 9999 193 157 22 138 65 124 9999
9999 9999 166 24 150 9999 9999 148 56 114 71 12

5 12
5 93 4 61 46
140 73 128 34 187 144 145 44 100 170 179 54
45 9999 63 69 133 9999 9999 89 9999 9999 69 9999
9999 9999 9999 91 124 71 150 99 143 60 9999 9999
51 9999 9999 42 9999 45 91 9999 9999 130 118 180
99 149 9999 9999 9999 9999 128 9999 124 29 80 40
28 111 101 42 171 79 154 9999 50 127 25 182

5 12
32 12 51 42 50
83 172 183 131 78 63 18 142 13 158 20 135
9999 9999 9999 9999 9999 11 9999 196 159 119 9999 142
9999 139 104 183 49 9999 38 132 9999 9999 9999 9999
12 12 20 9999 9999 9999 9999 9999 9999 9999 9999 9999
66 189 9999 9999 139 151 9999 9999 9999 14 199 156
172 25 125 109 110 9999 1 145 173 9999 133 156

5 12
182 133 64 188 110
27 24 63 134 42 98 120 129 77 44 111 108
9999 9999 169 153 198 9999 117 9999 77 9999 9999 45
26 9999 9999 9999 9999 9999 9999 135 9999 135 9999 89
110 186 134 9999 9999 45 9999 35 57 9999 105 9999
56 131 70 9999 177 59 9999 115 181 9999 9999 9999
9999 140 25 132 171 22 169 89 9999 92 168 9999

5 12
123 72 160 99 127
149 148 155 12 144 128 58 156 197 156 19 110
118 128 9999 9999 9999 4 67 193 9999 9999 194 9999
9999 9999 179 9999 9999 9999 9999 36 9999 9999 39 117
178 9999 9 164 74 163 9999 95 101 161 81 129
172 183 9999 103 120 154 9999 105 9999 67 9999 198
123 9999 81 9999 46 170 85 9999 135 16 138 9999

5 12
74 187 158 48 14
157 18 5 77 103 55 4 71 181 130 42 143
86 9999 9999 9999 9999 80 14 9999 9999 9999 9999 4
82 166 131 170 9999 9999 9999 9999 9999 77 9999 9999
9999 9999 194 143 142 28 9999 9999 93 118 82 9999
5 154 132 9999 9999 152 9999 47 9999 170 146 51
53 9999 31 65 22 141 40 135 50 9999 9999 184

5 12
4 94 136 32 90
141 126 143 119 191 91 45 18 61 55 67 52
169 9999 155 97 193 82 81 9999 9999 141 182 9999
9999 43 9999 9999 9999 103 57 23 52 98 146 101
159 103 71 9999 126 9999 184 197 158 9999 162 9999
104 132 9999 43 9999 193 9999 179 9999 9999 9999 61
9999 7 161 107 34 9999 9999 134 22 105 9999 143

5 12
139 152 63 14 149
3 118 147 15 132 83 181 17 154 88 43 53
9999 9999 9999 9999 118 9999 55 9999 9999 115 9999 149
92 9999 9999 97 9999 147 9999 9999 81 9999 9999 38
9999 152 16 22 180 137 33 10 9999 52 195 9999
8 115 152 162 9999 73 98 29 168 177 36 12
111 112 9999 140 88 9999 9999 47 127 185 148 70

5 12
12 80 199 177 189
199 190 155 165 171 19 170 7 91 61 161 1
9999 9999 9999 9999 122 116 9999 9999 9999 9999 123 178
142 171 42 76 21 9999 43 9999 7 21 145 160
9999 100 85 75 9999 9999 102 67 77 61 9999 9999
187 9999 9999 127 89 94 9999 134 9999 41 6 87
174 89 195 9999 9999 189 46 9999 9999 9999 9999 72

5 12
138 73 114 56 3
31 111 22 194 188 37 16 134 82 196 92 62
9999 9999 9999 9999 9999 157 9999 9999 9999 9999 28 128
43 3 142 9999 14 9999 81 145 9999 43 67 9999
11 9999 9999 138 36 179 143 131 57 88 116 193
9999 36 133 69 90 84 158 9999 72 119 100 70
159 45 70 95 110 106 186 153 179 9999 9999 102

5 12
75 190 40 126 58
155 141 34 156 103 148 112 87 84 196 157 132
9999 156 9999 9999 9999 55 151 9999 9999 26 50 9999
9999 9999 19 122 110 135 9999 197 9999 9999 150 151
25 12 31 9999 9999 9999 9999 176 129 121 97 9999
78 47 22 42 9999 72 137 9999 77 133 67 24
118 105 9999 85 191 193 113 141 9999 9999 35 17

5 12
128 4 189 83 191
154 139 148 53 138 63 146 149 24 170 83 5
81 9999 9999 9999 108 9999 71 9999 9999 184 9999 9999
9999 9999 9999 9999 9999 95 138 1 182 9999 156 9999
149 138 9999 8 78 9999 9999 6 9999 9999 49 82
156 9999 138 69 4 21 141 127 14 106 144 53
169 159 135 9999 45 61 9999 9999 20 173 135 9999

5 12
81 71 188 157 78
5 102 143 4 20 135 24 84 140 55 18 122
9999 69 9999 128 9999 9999 175 9999 24 115 167 146
199 9999 9999 9999 77 119 9999 15 67 157 9999 49
84 165 77 9999 185 9999 75 145 9999 30 9999 9999
148 119 196 9999 61 9999 186 144 172 9999 3 120
33 120 65 12 9999 35 65 9999 9999 11 196 132

5 12
125 91 58 121 39
120 10 138 49 129 85 171 53 34 164 134 149
133 9999 9999 73 9999 9999 58 9999 146 9999 9999 9999
9999 145 138 9999 9999 41 9999 9999 9999 158 9999 9999
8 9999 72 161 106 9999 9999 112 4 9999 136 9999
9999 107 166 147 39 31 123 149 9999 9999 98 129
12 96 148 9999 154 4 46 10 9999 197 25 3

5 12
192 3 173 140 32
101 68 95 155 88 109 155 198 112 150 24 82
9999 9999 195 171 9999 9999 83 9999 9999 9999 9999 95
9999 40 9999 9999 48 64 6 9999 165 166 154 47
34 40 166 160 31 36 9999 192 72 85 9999 71
9999 9999 174 9999 12 66 130 141 7 79 41 9999
19 9999 9999 107 9999 9999 145 114 77 22 186 9999

5 12
114 21 12 155 135
26 170 161 51 21 82 180 179 24 104 158 18
9999 102 25 29 9999 9999 9999 9999 9999 9999 9999 9999
9999 9999 9999 9999 123 9999 9999 174 145 178 9999 61
9999 182 142 44 9999 152 118 190 162 62 99 9999
66 133 119 30 152 20 4 192 9999 193 9999 9999
161 133 9999 19 9999 43 23 9999 47 9999 7 11

5 12
49 99 180 96 64
168 156 73 108 165 117 45 42 192 52 152 50
9999 127 9999 9999 107 123 137 91 9999 9999 9999 9999
173 15 104 113 9999 9999 183 176 9999 9999 9999 58
137 76 107 123 187 9999 93 9999 161 9999 17 9999
23 9999 9999 123 144 9999 9999 9999 9999 41 9999 9999
109 9999 12 9999 9999 112 64 134 164 115 28 10

5 12
148 49 197 167 198
149 112 101 170 68 114 116 27 183 58 86 118
63 9999 87 9999 9999 124 9999 9999 9999 9999 9999 46
9999 44 61 34 9999 9999 45 9999 9999 158 9999 9999
9999 76 110 44 43 40 136 9999 10 38 135 90
113 40 9999 9999 61 9999 9999 128 2 90 151 104
164 36 62 116 72 9999 103 102 44 27 170 9999

5 12
14 184 159 152 168
60 1 39 138 141 123 172 20 12 93 105 21
125 72 9999 9999 9999 62 130 9999 34 9999 9999 9999
9999 9999 149 66 16 46 9999 168 9999 9999 111 9999
26 79 9999 198 184 9999 188 174 123 199 127 9999
156 9999 17 70 9999 9999 9999 149 110 5 186 55
83 3 9999 9999 172 119 9999 9999 157 29 28 167

5 12
104 7 75 32 13
147 118 158 181 88 119 10 157 55 89 61 8
123 9999 9999 9999 94 9999 9999 114 9999 9999 9999 149
196 137 88 92 9999 5 64 186 78 9999 158 173
85 9999 9999 9999 69 25 51 53 139 21 87 191
9999 38 191 19 33 87 9999 17 186 157 9999 106
81 84 40 8 34 183 157 9999 123 27 9 128

5 12
77 139 81 119 173
135 20 100 29 66 185 17 113 191 190 124 16
9999 9999 9999 9999 9999 9999 107 145 9999 196 9999 9999
195 191 194 9999 180 105 9999 6 9999 9999 9999 9999
9999 9999 35 34 199 128 74 9999 193 140 4 65
95 30 193 168 38 116 9999 112 90 9999 116 46
120 105 112 2 9999 197 70 194 9999 164 3 100

5 12
65 98 34 98 50
90 70 150 103 123 5 144 21 180 96 167 132
9999 9999 82 9999 168 36 9999 9999 9999 61 9999 9999
68 9999 21 6 9999 9999 138 142 46 34 197 9999
21 92 44 191 110 143 9999 17 44 9999 48 9999
4 37 9999 9999 9999 159 173 58 23 9999 9999 48
10 9999 9999 195 73 27 128 191 9999 157 132 30

5 12
84 138 186 130 41
105 89 13 74 39 59 117 62 26 161 126 111
9999 9999 9999 144 9999 9999 180 58 9999 185 9999 9999
9999 51 26 4 148 9999 150 67 9999 184 84 9999
163 9999 113 9999 187 9999 9999 9999 9999 170 9999 130
9999 49 130 172 9999 130 97 133 51 9999 190 9999
9 150 9999 9999 149 33 88 9999 82 159 69 111

5 12
126 27 50 101 130
20 156 76 155 72 154 136 172 115 130 81 59
9999 141 9999 9999 9999 9999 9999 9999 20 9999 45 9999
9999 9999 9999 154 9999 9999 104 148 164 9999 32 113
80 9999 86 9999 166 75 37 174 9999 60 9999 59
70 185 30 9999 109 69 107 29 9999 9999 9999 9999
9999 168 167 32 145 140 9999 162 132 119 187 96

5 12
86 109 158 134 72
40 124 65 60 6 175 172 20 118 90 21 93
12 9999 9999 9999 26 9999 9999 9999 53 179 199 42
9999 99 9999 9999 9999 85 137 9999 9999 9999 102 9999
135 9999 129 9999 34 9999 9999 38 147 24 9999 77
9999 136 177 156 9999 125 17 10 9999 161 9999 75
112 17 9999 35 160 9999 9999 135 177 9999 27 45

5 12
44 128 169 161 108
170 124 35 45 70 188 106 121 13 113 84 110
113 9999 9999 9999 9999 15 9999 9999 9999 9999 9999 9999
9999 164 85 35 9999 9999 9999 9999 9999 165 96 9999
9999 9999 61 199 151 192 9999 47 9999 77 65 104
157 18 9999 74 125 137 86 112 173 179 95 192
15 185 143 176 180 9999 189 175 136 9999 100 58

5 12
100 72 150 139 167
83 180 199 25 71 159 68 17 160 13 40 93
9999 9999 9999 138 64 9999 9999 9999 171 9999 9999 36
9999 9999 9999 9999 9999 9999 9999 9999 155 172 144 74
9999 9999 53 78 162 9999 107 76 9999 9999 30 177
161 172 25 9999 140 161 9999 9999 9999 176 43 93
193 31 80 160 137 51 59 111 195 40 118 74

5 12
36 77 40 94 59
94 43 103 197 139 199 26 165 90 118 48 79
100 9999 30 123 165 9999 63 9999 155 9999 9999 9999
9999 159 192 198 194 9999 9999 129 9999 9999 9999 9999
9999 9999 9999 9999 9999 33 80 9999 9999 153 9999 76
74 9999 155 136 70 9999 9999 157 29 16 132 169
9999 144 9999 9999 9999 145 131 73 170 7 52 130

5 12
36 102 197 199 187
125 123 81 147 15 134 138 61 172 96 25 92
9999 9999 9999 100 25 133 9999 65 83 9999 9999 9999
22 9999 181 162 59 9999 199 9999 30 75 9999 9999
9999 80 127 9999 9999 124 103 77 9999 40 101 42
173 47 134 48 151 165 9999 7 9999 7 9999 13
69 14 9999 35 42 116 185 9999 133 9999 163 108

5 12
118 114 100 48 166
113 11 73 160 23 178 15 174 27 153 47 137
9999 182 9999 9999 9999 1 102 9999 9999 9999 9999 69
176 9999 9999 67 65 9999 9999 43 2 9999 21 88
71 9999 9999 172 9999 140 78 57 126 166 8 9999
185 133 4 144 194 83 9999 106 9999 120 9999 151
179 21 197 187 170 9999 163 66 153 4 9999 9999

5 12
121 81 45 7 59
76 81 3 83 74 49 131 48 22 33 155 89
9999 191 61 33 9999 9999 141 31 57 9999 9999 154
9999 9999 9999 73 9999 87 139 181 9999 194 9999 53
87 9999 125 9999 9 149 76 9999 182 9999 72 9999
103 163 9999 134 35 37 132 80 88 82 185 45
123 167 5 128 57 9999 46 156 131 39 9999 170

5 12
185 131 19 5 172
102 122 5 90 129 179 91 30 165 91 134 14
64 9999 25 166 9999 9999 9999 25 9999 185 9999 165
9999 125 181 142 142 161 73 9999 9999 41 134 136
9999 9999 11 109 98 9999 9999 150 89 141 143 130
9999 162 9999 9999 85 16 1 62 166 9999 9999 9999
28 13 156 148 9999 46 9999 109 59 9999 26 139

5 12
23 116 108 156 158
108 4 81 142 156 122 45 70 122 183 70 16
9999 77 9999 9999 9999 9999 71 36 9999 9999 9999 113
9999 9999 82 140 28 74 116 176 182 9999 9999 9999
198 138 9999 170 9999 171 83 9999 125 35 9999 44
71 34 153 44 9999 49 9999 32 29 35 20 9999
95 66 9999 9999 123 102 9999 9999 40 108 77 189

5 12
127 6 27 66 193
81 23 108 94 105 177 197 102 168 92 138 19
9999 132 12 9999 9999 9999 9999 175 76 155 85 180
9999 9999 158 9999 9999 9999 36 9999 9999 9999 63 77
92 164 9999 12 9999 175 9999 9999 120 11 186 34
166 9999 175 166 5 53 116 185 22 9999 9999 9999
44 153 100 9999 192 26 9999 9999 9999 97 154 9999

5 12
186 156 104 189 70
12 144 178 16 123 193 97 170 25 42 1 193
9999 9999 58 59 42 153 9999 9999 110 9999 105 9999
9999 29 9999 9999 11 9999 126 140 51 19 9999 9999
40 140 9999 84 103 184 4 100 68 126 60 9999
48 135 110 26 147 121 69 106 9999 9999 9 51
9999 9999 128 180 9999 150 9999 34 9999 130 199 95

5 12
106 21 106 156 14
168 37 63 134 130 60 122 43 80 23 142 14
121 54 9999 9999 62 63 19 180 9999 110 118 184
9999 9999 9999 9999 9999 9999 9999 146 9999 43 9999 9999
90 68 171 27 71 29 92 9999 7 9999 80 187
187 13 47 9999 9999 9999 30 65 133 116 9999 71
159 59 110 100 141 87 9999 197 111 106 41 9999

5 12
185 139 90 196 79
34 26 163 18 152 127 196 90 43 16 33 146
9999 89 9999 15 9999 148 134 94 110 9999 9999 120
141 9999 9999 98 9999 9999 9999 9999 9999 1 169 9999
47 44 172 9999 43 9999 69 9999 124 180 179 15
184 85 32 9999 30 16 9999 33 193 147 109 76
19 51 113 70 84 102 9999 172 14 9999 82 130

5 12
28 41 67 119 128
52 192 25 38 104 137 146 142 117 40 103 135
9999 128 73 9999 52 9999 9999 9999 9999 9999 9999 9999
69 9999 36 95 132 9999 194 9999 120 9999 9999 123
56 9999 116 113 17 40 41 172 9999 119 9999 168
38 9999 9999 9999 9999 80 150 45 9999 56 190 177
102 120 38 141 9999 4 9999 94 109 9999 136 9999

5 12
88 45 6 153 145
172 26 33 140 177 168 192 110 134 191 160 96
171 52 9999 9999 14 9999 9999 9999 1 122 9999 99
7 9999 9999 9999 9999 77 9999 163 9999 118 68 176
184 9999 9999 142 88 24 79 9999 72 9999 185 9999
9 155 51 103 110 96 102 66 81 9999 89 95
9999 9999 104 88 9999 36 9999 22 69 128 9999 9999

5 12
93 89 129 92 75
90 66 192 165 170 190 166 132 119 120 55 105
9999 178 9999 97 9999 9999 9999 71 9999 17 9999 9999
191 9999 157 9999 9999 9999 23 9999 9999 9999 9999 37
9999 9999 5 37 172 178 191 161 122 20 148 9999
177 99 9999 9999 9999 9999 9999 62 86 9999 9999 42
9999 105 144 48 102 143 39 153 23 127 30 124

5 12
18 78 29 26 170
64 189 144 83 89 167 162 104 159 96 97 94
9999 9999 9999 9999 41 9999 9999 177 9999 9999 9999 129
72 122 25 110 55 25 94 45 9999 9999 126 9999
9999 193 91 142 9999 9999 166 9999 44 156 196 117
9999 9999 35 9999 9999 9999 9999 9999 113 9999 157 132
173 48 75 92 59 130 157 16 190 3 10 9999

5 12
198 169 21 179 45
77 107 57 102 119 42 130 88 168 163 11 198
14 9999 128 155 9999 9999 9999 9999 150 13 175 48
9999 176 9999 9999 9999 9999 9999 9999 9999 9999 9999 9999
168 9999 9999 9999 93 72 9999 41 39 176 115 188
102 143 9999 94 9999 45 91 12 46 193 166 9999
9999 56 192 9999 135 45 83 80 192 9999 9999 37

5 12
151 20 58 20 129
142 21 116 24 100 32 178 124 119 68 148 154
90 5 9999 54 9999 9999 79 1 9999 82 20 9999
9999 9999 9999 9999 197 167 9999 2 9999 1 86 9999
154 26 9999 35 82 9999 9999 9999 194 9999 51 19
113 9999 196 9999 9999 9999 9999 176 75 161 9999 9999
5 80 31 17 93 98 102 9999 132 94 166 50

5 12
38 165 16 182 58
158 56 184 62 166 81 54 23 45 32 76 116
73 9999 9999 72 65 60 11 46 133 54 9999 9999
63 119 116 22 9999 9999 9999 9999 9999 9999 135 181
142 153 9999 9999 130 166 9999 9999 98 9999 9999 9999
9999 9999 11 9999 113 9999 155 195 9999 8 57 186
9999 52 108 57 154 164 147 199 62 38 31 99


