2 10
142 26
190 76 110 149 77 86 157 196 189 164
169 9999 116 9999 9999 135 11 142 145 158
5 8 38 125 1 9999 40 9999 9999 11

2 10
151 14
127 20 26 185 2 17 18 193 82 112
9999 134 9999 91 9999 181 51 20 22 102
143 15 57 9999 28 9999 9999 9999 9999 49

2 10
32 86
195 19 197 148 83 21 140 7 25 117
92 9999 9999 9999 28 9999 9999 81 9999 9999
9999 38 177 83 9999 16 16 136 33 16

2 10
148 148
57 112 77 13 51 110 59 144 3 79
83 9999 9999 9999 77 130 39 97 64 27
145 51 6 23 156 9999 9999 75 9999 137

2 10
137 36
185 22 189 179 8 145 155 173 61 73
148 9999 121 9999 9999 9999 9999 9999 9999 128
9999 135 9999 75 24 136 31 6 175 9999

2 10
17 155
142 191 122 43 104 39 151 46 32 101
97 9999 132 7 9999 57 9999 9999 9999 139
9999 61 9999 58 115 141 72 21 100 9999

2 10
41 123
54 40 175 183 119 37 35 199 145 126
163 9999 178 9999 9999 71 22 140 9999 9999
9999 120 9999 158 13 60 43 9999 8 153

2 10
97 162
49 9 40 124 40 136 10 166 42 192
191 152 134 9999 9999 107 9999 54 84 20
9999 49 146 184 75 9999 29 9999 9999 9999

2 10
14 198
148 90 110 129 1 34 188 84 93 33
106 9999 95 9999 195 177 9999 64 1 194
89 72 109 44 51 74 63 9999 9999 9999

2 10
66 61
194 142 93 70 4 165 184 76 164 29
183 9999 18 157 47 32 187 9999 9999 111
9999 138 9999 9999 66 9999 61 47 164 9999

2 10
140 113
135 135 160 115 70 9 23 192 160 10
156 9999 9999 143 9999 9999 9999 9999 135 9999
83 63 26 9999 180 158 152 90 9999 186

2 10
144 57
27 1 184 42 179 187 64 195 58 35
9999 9999 81 9999 9999 9999 9999 9999 9999 38
15 110 9999 50 198 20 169 172 78 109

2 10
46 163
100 126 195 147 98 57 66 72 186 162
139 13 9999 9999 80 123 55 9999 96 108
9999 87 159 13 1 9999 9999 192 9999 9999

2 10
13 14
87 19 6 107 121 143 48 171 103 172
9999 9999 25 29 9999 90 9999 9999 9999 153
42 159 9999 91 87 9999 84 159 5 9999

2 10
43 161
31 96 61 57 30 58 107 65 96 56
131 18 9999 7 9999 80 179 149 9999 9999
9999 173 53 9999 10 9999 9999 148 68 163

2 10
190 120
170 118 195 142 138 199 30 111 99 76
9999 57 9999 8 122 41 9999 76 144 9999
127 9999 97 87 9999 38 71 9999 9999 36

2 10
55 54
190 19 39 85 89 125 174 159 67 36
9999 9999 9999 152 9999 64 6 9999 9999 9999
173 41 6 23 154 9999 149 163 36 152

2 10
55 108
198 176 37 130 78 47 66 93 65 35
9999 174 15 171 61 81 9999 9999 9999 9999
2 9999 199 20 9999 9999 35 124 31 131

2 10
130 116
148 61 173 143 25 85 66 145 163 50
101 9999 48 9999 9999 58 31 198 81 76
9999 194 9999 182 55 9999 161 9999 9999 9999

2 10
9 135
22 158 71 30 33 31 175 122 62 136
83 9999 9999 9999 9999 180 9999 194 41 172
156 80 81 153 125 9999 80 96 9999 9999

2 10
172 70
199 91 176 179 35 128 67 144 79 115
134 9999 9999 9999 9999 21 9999 9999 9999 6
172 91 11 7 75 9999 63 65 185 9999

2 10
162 150
125 53 86 21 54 192 106 122 131 104
18 107 55 198 9999 9999 9999 8 191 9999
118 9999 148 9999 162 77 174 9999 9999 77

2 10
152 43
35 55 146 9 39 8 191 117 95 160
87 9999 3 9999 76 9999 9999 9999 130 9999
9999 26 9999 144 89 183 168 11 9999 127

2 10
87 29
89 12 59 9 33 102 175 45 42 75
9999 9999 162 9999 174 21 9999 9999 9999 98
21 153 9999 76 83 131 97 168 94 40

2 10
5 181
77 176 134 89 131 11 80 45 62 103
136 171 9999 47 174 9999 25 9999 113 9999
153 9999 190 9999 12 98 9999 159 52 19

2 10
195 141
82 192 66 87 171 58 56 166 40 59
15 183 93 48 46 189 90 9999 9999 43
9999 9999 9999 9999 21 186 112 151 141 60

2 10
89 196
171 79 3 148 77 51 67 48 153 156
106 135 113 173 184 9999 42 129 89 9999
131 9999 22 9999 9999 146 9999 9999 9999 54

2 10
144 161
114 63 140 29 111 87 184 125 104 142
9999 55 9999 171 41 9999 9999 109 96 9999
68 81 157 9999 32 139 60 20 9999 42

2 10
191 1
16 28 26 178 105 108 14 4 62 127
10 9999 137 168 9999 168 179 9999 9999 9999
126 30 9999 9999 12 95 9999 144 164 112

2 10
42 29
52 93 122 77 159 55 31 159 112 130
9999 169 9999 9999 9999 180 9999 113 17 9999
81 86 176 134 6 73 127 9999 9999 62

2 10
120 46
166 189 172 128 116 175 43 74 89 185
9999 9999 9999 147 9999 9999 9999 34 9999 163
106 46 12 9999 52 85 36 8 81 170

2 10
167 154
43 184 141 109 26 34 58 36 66 122
9999 9999 81 118 139 49 9999 9999 171 9999
8 193 9999 9999 9999 198 8 87 9999 24

2 10
139 186
156 75 50 59 55 4 20 132 198 7
9999 9999 9999 9999 9999 159 9999 9999 9999 109
31 84 197 94 19 9999 47 120 61 9999

2 10
16 142
8 21 186 82 76 101 41 51 60 5
9999 168 109 139 69 9999 136 9999 87 176
94 176 197 9999 26 87 190 128 9999 9999

2 10
116 97
6 99 76 38 186 20 85 75 177 37
9999 9999 83 9999 10 9999 9999 86 176 37
50 66 9999 135 51 196 21 9999 9999 58

2 10
86 129
50 7 151 86 109 109 125 63 198 29
9999 9999 160 9999 158 113 9999 9999 9999 76
176 120 190 21 5 112 8 78 169 9999

2 10
41 167
94 198 75 14 38 182 119 110 155 151
79 153 9999 9999 9999 67 9999 9999 9999 167
52 9999 1 47 77 93 25 124 70 126

2 10
199 81
71 122 41 39 14 109 103 19 33 180
9999 7 38 10 107 9999 9999 9999 9999 132
76 77 65 103 114 95 85 42 21 161

2 10
107 165
77 178 125 136 91 178 61 38 85 127
144 66 142 15 197 28 9999 77 9999 9999
61 171 9999 20 9999 161 49 55 119 184

2 10
131 148
35 66 191 163 109 89 171 104 196 188
9999 59 129 103 9999 112 114 9999 111 62
189 9999 9999 85 59 9999 98 166 9999 9999

2 10
182 88
69 172 134 54 144 162 99 45 39 53
93 9999 9999 9999 92 173 156 95 9999 46
107 13 9 26 9999 9999 45 1 88 119

2 10
67 37
135 169 187 151 119 174 129 110 37 32
9999 9999 9999 1 9999 62 9999 41 84 176
29 114 67 190 179 197 147 96 133 160

2 10
170 180
114 51 54 59 127 114 176 26 115 96
9999 192 164 9999 142 9999 157 85 169 9999
43 190 9999 13 82 5 9999 9999 9999 25

2 10
133 139
121 42 26 118 71 59 97 97 32 131
189 192 9999 9999 42 9999 9999 167 9999 9999
9999 9999 114 176 9999 59 144 9999 85 141

2 10
32 48
181 28 99 118 103 24 128 22 71 132
9999 99 18 18 9999 9999 35 195 106 126
25 199 199 9999 192 135 1 9999 9999 9999

2 10
40 7
54 106 24 199 108 9 7 39 165 60
167 186 9999 9999 9999 9999 9999 9999 193 26
9999 9999 90 57 61 51 110 127 9999 130

2 10
26 134
189 16 79 17 138 3 37 93 67 133
137 9999 150 9999 141 9999 9999 9999 9999 9999
9999 97 67 153 184 83 161 162 179 112

2 10
17 81
117 182 103 121 52 65 48 119 110 36
9999 9999 9999 9999 95 9999 170 9999 158 9999
52 106 100 110 188 99 9999 147 120 157

2 10
133 14
137 154 76 168 46 164 8 82 184 102
9999 9999 9999 9999 145 9999 116 184 9999 82
40 30 192 185 9999 99 9999 71 15 9999

2 10
96 151
129 187 189 173 53 55 14 110 115 33
9999 180 9999 115 9999 9999 24 9999 9999 80
177 181 3 9999 72 74 30 121 110 9999

2 10
177 117
29 83 128 183 165 194 48 137 198 134
9999 155 9 152 126 9999 9999 117 162 13
186 9999 9999 9999 83 20 189 34 178 9999

2 10
148 104
6 116 197 147 149 82 83 131 23 186
148 137 9999 10 107 9 9999 9999 172 9999
107 9999 165 131 94 9999 85 114 9999 13

2 10
47 1
74 184 168 51 148 128 39 186 29 48
99 9999 123 9999 170 148 9999 103 5 9999
16 20 81 178 9999 9999 155 111 78 48

2 10
32 28
65 198 64 132 169 37 123 153 72 52
192 130 9999 119 27 129 9999 9999 80 80
9999 9999 79 9999 9999 9999 89 27 9999 9999

2 10
68 179
63 117 63 155 168 36 59 189 172 111
9999 168 128 9999 142 9999 9999 9999 145 9999
3 9999 179 110 9 147 177 165 9999 56

2 10
172 130
182 17 145 10 13 88 116 157 47 31
3 46 9999 131 191 100 9999 76 9999 9999
9999 9999 50 9999 28 72 54 100 109 188

2 10
181 16
72 172 67 8 125 103 196 22 106 69
183 174 9999 9999 9999 9999 59 9999 9999 108
9999 130 48 153 117 47 9999 29 36 188

2 10
170 107
145 91 31 70 66 176 88 22 79 59
9999 9999 9999 176 30 9999 9999 9999 9999 180
177 63 56 9999 9999 176 186 13 24 9999

2 10
67 196
107 95 136 18 125 34 124 169 152 131
144 69 196 129 9999 147 123 9999 184 171
169 9999 9999 9999 3 91 9999 62 194 53

2 10
181 47
26 75 138 159 127 63 10 141 106 151
162 9999 155 9999 9999 88 145 9999 22 9999
9999 188 49 119 51 129 9999 154 9999 101

2 10
148 188
131 195 136 147 33 197 137 95 112 169
9999 9999 9999 7 87 168 39 171 9999 50
23 42 162 9999 9999 9999 71 9999 70 175

2 10
147 137
73 79 143 36 170 108 186 133 10 107
9999 9999 27 9999 18 9999 75 9999 9999 9999
59 63 67 19 160 29 9999 90 192 83

2 10
69 185
16 67 33 26 41 83 181 123 84 156
88 173 9999 9999 9999 9999 9999 90 171 9999
9999 193 101 92 39 64 81 26 9999 127

2 10
185 109
167 145 153 33 4 83 184 93 136 185
73 120 9999 9999 199 9999 9999 9999 130 50
9999 189 72 12 9999 131 197 15 9999 9999

2 10
110 101
64 165 10 73 103 32 189 120 134 158
9999 9999 7 38 79 186 72 9999 29 23
136 1 31 7 9999 9999 9999 175 9999 9999

2 10
3 162
43 188 164 59 151 162 122 135 182 10
9999 33 9999 53 9999 9999 122 9999 9999 9999
157 9999 136 9999 109 42 162 101 26 164

2 10
86 69
62 40 95 95 152 179 62 113 100 54
90 39 9999 9999 161 9999 166 183 9999 9999
9999 9999 179 106 51 117 9999 9999 94 153

2 10
4 174
19 76 109 187 177 12 133 156 199 58
125 9999 44 133 122 9999 49 5 132 9999
168 73 9999 9999 146 185 9999 9999 9999 151

2 10
94 58
56 129 62 77 100 87 183 169 67 133
97 9999 9999 178 9999 9999 9999 53 9999 9999
91 71 129 9999 110 23 151 13 24 7

2 10
23 71
175 122 174 185 187 11 116 141 199 115
9999 84 9999 70 9999 9999 193 157 101 50
104 62 56 4 112 172 9999 9999 77 9999

2 10
110 101
74 75 73 117 66 197 158 23 59 186
9999 168 154 9999 13 9999 129 9999 9999 19
134 143 9999 146 9999 185 109 26 19 9999

2 10
35 91
105 31 101 189 126 53 189 141 81 30
9999 190 121 9999 181 68 9999 143 9999 9999
27 106 84 106 9999 9999 20 9999 117 182

2 10
132 94
172 133 9 72 3 129 2 195 82 117
9999 165 9999 97 9999 9999 122 9999 131 93
130 9999 126 9999 78 137 9999 128 9999 9999

2 10
19 183
33 11 175 134 86 68 150 191 154 170
9999 9999 152 9999 9999 113 130 9999 9999 129
132 130 4 131 169 9999 57 127 116 9999

2 10
161 173
125 113 49 50 14 102 174 22 122 2
142 9999 9999 184 9999 9999 9999 5 9999 29
74 108 163 9999 49 178 32 9999 14 49

2 10
117 133
2 19 115 188 18 148 167 148 144 35
7 9999 9999 188 9999 9999 109 55 9999 9999
84 148 77 9999 3 24 9999 9999 92 138

2 10
81 147
170 93 195 150 57 116 59 82 192 13
9 140 74 184 108 193 137 154 9999 181
103 9999 9999 9999 9999 9999 191 9999 135 178

2 10
138 142
20 155 70 87 18 60 19 62 155 77
9999 113 101 38 9999 9999 9999 9999 81 144
70 146 109 90 105 112 53 70 9999 143

2 10
141 108
97 58 80 80 19 26 168 128 141 71
90 9999 9999 9999 9999 24 9999 25 81 133
9999 14 16 119 73 17 89 122 9999 9999

2 10
154 33
177 190 104 47 45 89 167 69 55 117
9999 95 152 13 9999 9999 60 9999 9999 106
70 9999 68 150 89 47 9999 39 9 162

2 10
78 132
126 103 175 113 169 125 81 46 138 68
53 71 37 20 63 9999 151 11 9999 137
9999 72 115 9999 136 97 9999 9999 193 64

2 10
190 17
91 32 89 95 171 55 84 60 144 127
90 189 9999 9999 9999 165 9999 153 9999 9999
17 9999 195 43 50 170 177 178 44 171

2 10
83 38
159 125 143 18 108 106 44 43 149 79
9999 9999 57 9999 97 140 9999 163 9999 9999
163 54 114 146 195 9999 34 168 190 175

2 10
189 155
101 151 66 109 58 183 114 165 6 27
9999 5 37 9999 59 54 9999 58 9999 9999
17 9999 34 112 9999 47 199 171 62 163

2 10
54 113
7 124 171 142 109 1 116 21 38 193
150 9999 9999 195 41 94 148 9999 9999 33
130 74 9 9999 9999 9999 62 137 18 9999

2 10
170 69
76 172 114 59 21 44 174 102 187 52
9999 49 9999 9999 15 9999 9999 141 9999 9999
62 9999 101 164 9999 198 27 29 72 183

2 10
62 177
169 158 191 194 92 22 100 59 91 180
9999 104 88 9999 9999 9999 80 9999 45 9999
30 9999 158 126 193 61 9999 157 9999 67

2 10
123 78
136 42 144 7 171 55 147 160 57 154
9999 9999 81 9999 9999 187 158 43 9999 9999
193 77 9999 73 105 9999 147 67 84 175

2 10
79 12
105 133 39 94 39 90 109 31 197 102
188 187 173 150 61 9999 9999 9999 9999 93
9999 9999 9999 55 9999 86 134 183 70 9999

2 10
83 84
158 49 13 65 61 55 19 58 120 168
9999 118 63 128 151 59 49 9999 9999 148
107 9999 9999 59 134 9999 9999 56 150 9999

2 10
32 120
110 54 109 100 98 7 142 188 171 159
81 110 166 66 9999 81 9999 9999 62 195
9999 9999 130 9999 26 162 189 146 9999 69

2 10
140 80
58 182 188 32 52 48 26 12 55 78
115 9999 61 85 25 9999 9999 46 131 9999
9999 17 9999 108 9999 114 18 9999 63 58

2 10
110 60
136 32 36 157 54 137 27 41 199 50
9999 101 9999 9999 9999 115 9999 9999 9999 177
48 9999 176 47 34 152 37 143 104 9999

2 10
197 123
199 128 142 39 182 8 128 19 88 43
173 9999 59 172 162 74 9999 176 126 9999
131 182 186 25 39 37 92 9999 152 44

2 10
177 4
26 36 163 79 125 86 89 20 69 178
10 86 145 126 9999 9999 80 16 161 183
93 9999 9999 9999 176 91 107 43 9999 9999

2 10
148 98
109 98 111 57 28 42 13 143 167 199
9999 3 9999 198 2 173 195 9999 194 9999
98 128 177 108 161 9999 89 35 179 186

2 10
35 149
153 87 199 147 182 55 68 79 118 2
9999 124 9999 11 167 122 9999 192 9999 9999
74 7 93 146 9999 186 41 99 92 194

2 10
32 26
71 144 42 46 14 76 53 67 58 166
9999 9999 41 27 9999 9999 152 9999 76 191
92 177 9999 186 179 100 9999 64 9999 9999

2 10
3 21
36 193 19 64 159 61 147 47 77 179
122 49 140 9999 169 9999 9999 154 9999 9999
9999 9999 9999 104 9999 188 180 98 156 110

2 10
190 40
179 43 121 169 152 42 28 24 196 118
9999 9999 9999 9999 9999 16 155 9999 9999 131
66 99 24 22 111 5 9999 179 146 9999


