3 6
102 69 149
51 143 100 161 184 61
48 47 9999 107 9999 9999
135 133 59 108 9999 9999
9999 9999 162 9999 10 46

3 6
54 37 197
36 104 177 141 178 139
9999 9999 164 9999 9999 9999
46 34 9999 9999 9999 128
9999 194 172 62 197 158

3 6
105 55 6
182 57 61 82 106 70
94 9999 9999 9999 83 74
9999 198 143 9999 82 42
20 9999 191 96 9999 157

3 6
99 34 98
1 97 194 84 33 83
9999 21 78 9999 76 9999
197 9999 9999 120 9999 9999
137 9999 82 9999 100 119

3 6
151 107 36
121 108 131 76 110 58
148 4 93 9999 9999 105
9999 9999 9999 9999 9999 129
9999 136 9999 151 32 9999

3 6
95 104 131
120 38 54 6 78 37
9999 9999 38 9999 9999 9999
118 9999 17 9999 9999 137
137 17 187 104 161 161

3 6
177 143 14
178 1 78 91 1 4
9999 185 144 9999 9999 9999
102 9999 9999 143 133 61
179 176 9999 119 9999 183

3 6
35 96 136
20 41 125 85 27 94
9999 9999 9999 53 9999 9999
180 29 73 27 25 114
187 9999 196 9999 9999 65

3 6
130 43 61
65 5 119 143 36 71
168 9999 118 69 149 112
25 86 9999 9999 31 9999
89 9999 3 184 9999 9999

3 6
172 149 26
73 14 167 55 60 150
91 9999 9999 9999 187 194
63 141 9999 9 68 16
9999 187 88 9999 9999 9999

3 6
198 145 8
98 50 88 197 134 55
9999 9999 9999 9999 9999 9999
9999 26 9999 9999 9999 9999
198 51 57 123 32 114

3 6
57 29 163
134 119 124 44 97 41
9999 9999 199 9999 9999 106
171 156 9999 41 16 110
105 81 9999 18 9999 9999

3 6
55 57 26
191 176 130 132 28 2
179 9999 9999 56 12 9999
9999 61 61 9999 9999 9999
29 108 26 64 9999 88

3 6
165 194 18
112 168 128 96 183 51
9999 86 9999 9999 9999 9999
9999 9 118 14 9999 12
148 68 149 25 164 8

3 6
86 153 135
188 84 165 99 70 74
171 9999 105 9999 14 95
9999 9999 187 9999 9999 78
118 46 9999 10 123 9999

3 6
29 53 114
71 149 15 98 186 136
141 9999 90 9999 9999 91
9999 9999 151 47 116 9999
158 101 133 20 68 9999

3 6
21 127 153
75 42 176 56 165 150
9999 9999 106 190 2 9999
150 9999 9999 9999 9999 9999
9999 102 130 122 9999 88

3 6
160 147 159
41 137 113 196 54 165
9999 12 9999 13 9999 9999
55 9999 173 9999 9999 9999
70 28 128 139 176 49

3 6
30 155 33
176 161 127 109 19 134
9999 133 9999 9999 9999 9999
79 20 74 9999 9999 18
9999 9999 160 176 163 163

3 6
48 50 86
121 157 45 131 73 45
9999 78 9999 118 9999 9999
9999 94 9999 9999 157 9999
115 9999 92 144 173 183

3 6
159 90 99
70 63 138 86 186 104
9999 195 9999 9999 3 175
70 57 100 9999 5 171
35 174 98 106 9999 9999

3 6
111 177 47
68 126 88 69 29 1
72 9999 9999 9999 9999 64
168 9999 23 13 9999 7
9999 136 114 167 11 9999

3 6
189 6 62
149 35 169 15 116 192
9999 9999 9999 9999 162 9999
163 9999 121 116 9999 9999
9999 175 52 132 158 125

3 6
133 140 96
108 154 7 18 34 18
104 57 113 11 9999 9999
81 9999 9999 20 82 9999
152 35 9999 9999 33 83

3 6
22 109 7
23 52 15 132 40 109
9999 9999 81 182 9999 48
57 9999 9999 9999 120 9999
11 12 183 43 176 87

3 6
26 84 9
56 174 194 161 85 74
9999 175 9999 66 9999 123
187 135 9999 11 9999 124
81 9999 123 9999 105 105

3 6
140 125 100
16 55 93 148 85 65
59 9999 9999 9999 9999 9999
9999 131 78 9999 9999 115
177 9999 141 24 78 191

3 6
40 84 20
183 141 179 118 161 43
9999 9999 197 84 9999 9999
9999 82 169 9999 9999 34
104 46 9999 44 4 127

3 6
19 88 174
82 114 132 56 156 84
62 9999 116 157 165 9999
149 11 117 9999 9999 9999
9999 63 155 168 124 78

3 6
79 122 141
144 17 47 66 22 11
51 116 182 158 9999 9999
143 9999 9999 9999 9999 9999
9999 9999 114 133 29 67

3 6
153 13 101
92 144 150 96 52 116
24 9999 9999 9999 9999 145
9999 9999 177 22 21 122
187 148 9999 9999 36 176

3 6
15 97 145
25 151 162 122 155 185
96 26 9999 9999 9999 41
9999 9999 38 181 154 193
71 9999 9999 9999 173 9999

3 6
85 87 10
109 11 58 56 192 192
9999 9999 9999 9999 9999 9999
126 9999 9999 9999 142 9999
110 185 3 196 14 36

3 6
197 139 161
126 46 139 182 123 54
33 9999 12 34 9999 9999
9999 9999 9999 9999 9999 9999
66 66 118 9999 49 15

3 6
12 83 59
82 190 119 102 80 86
34 9999 71 9999 51 9999
148 140 141 37 9999 9999
55 9999 172 45 17 166

3 6
44 56 41
162 1 119 78 168 107
9999 3 9999 9999 9999 9999
9999 8 59 175 94 191
162 130 52 9999 76 9999

3 6
2 169 172
24 13 55 157 150 119
9999 42 9999 148 88 9999
172 9999 9999 37 9999 34
9999 9999 59 9999 86 141

3 6
70 128 144
35 122 185 52 57 156
9999 50 9999 111 9999 9999
57 9999 169 185 112 71
138 78 26 12 94 9999

3 6
172 6 101
118 141 45 127 112 118
1 9999 9999 9999 9999 9999
82 143 112 113 27 9999
11 108 9999 143 9999 189

3 6
97 178 167
68 84 97 126 29 6
9999 9999 47 9999 9999 9999
9999 9999 92 170 9999 9999
177 108 9999 169 181 45

3 6
58 38 86
56 62 147 2 64 128
162 189 37 9999 9999 90
49 37 138 166 121 9999
187 42 41 133 9999 9999

3 6
146 4 125
51 53 188 52 40 176
9999 9999 9999 156 9999 5
9999 12 9999 27 118 174
194 9999 39 43 74 128

3 6
114 49 115
120 152 17 191 156 51
9999 9999 9999 9999 72 9999
9999 27 50 113 9999 103
79 9999 114 79 9999 9999

3 6
51 18 147
148 170 164 80 5 91
9999 9999 148 199 9999 9999
146 146 9999 9999 189 185
9999 9999 76 97 189 86

3 6
57 82 164
126 71 64 82 18 34
154 194 9999 9999 86 9999
9999 12 37 172 111 9999
193 187 9999 82 114 179

3 6
40 42 23
193 152 96 192 108 96
9999 9999 9999 176 9999 55
192 9999 9999 165 9999 9999
67 37 180 9999 35 9999

3 6
12 156 40
196 82 6 80 164 35
180 79 39 173 9999 6
9999 9999 9999 9999 78 9999
79 86 109 22 9999 9999

3 6
3 183 16
119 113 128 161 43 9
169 9999 9999 9999 108 137
9999 9999 162 9999 9999 101
9999 52 39 132 171 9999

3 6
19 43 128
147 139 191 174 4 196
9999 9999 121 9999 9999 9999
9999 5 157 149 9999 43
1 9999 9999 164 141 173

3 6
28 86 86
134 138 146 76 68 108
9999 91 84 9999 9999 9999
9999 9999 9999 49 9999 9999
182 108 9999 16 115 30

3 6
78 25 63
123 4 49 93 48 83
9999 9999 9999 141 9999 134
73 50 127 122 125 9999
17 111 9999 63 9999 82

3 6
76 18 7
156 174 187 27 54 62
40 9999 148 9999 9999 79
9999 138 9999 99 9999 9999
119 9999 111 74 13 9999

3 6
37 165 166
128 143 24 183 116 199
119 9999 188 67 9999 9999
9999 34 106 91 181 136
9999 19 78 9999 43 9999

3 6
82 124 178
160 62 110 188 10 26
9999 9999 108 9999 134 199
9999 126 156 9999 119 9999
101 9999 9999 91 9999 155

3 6
139 125 98
69 99 121 16 150 96
126 9999 9999 32 183 9999
9999 58 9999 71 9999 9999
22 8 143 75 30 103

3 6
65 70 2
152 124 197 123 167 43
75 9999 9999 77 128 9999
166 149 13 9999 97 113
168 9999 81 53 9999 30

3 6
189 187 96
173 92 71 158 193 109
9999 9999 9999 9999 9999 100
9999 193 9999 140 9999 9999
27 70 4 61 169 151

3 6
190 59 167
199 167 32 146 167 114
9999 67 149 72 67 9999
9999 9999 123 75 9999 9999
112 9999 9999 182 9999 194

3 6
130 82 159
48 100 52 56 75 167
9999 9999 9999 16 36 9999
128 9999 57 9999 9999 147
183 5 85 106 186 9999

3 6
141 15 93
176 68 168 41 82 54
9999 9999 9999 9999 9999 175
10 14 152 189 74 9999
179 9999 9999 63 9999 9999

3 6
161 51 178
23 40 142 106 134 139
9999 9999 9999 9999 116 52
153 9999 112 36 18 6
127 62 7 77 58 14

3 6
68 90 175
52 95 104 193 102 101
9999 77 40 9999 74 9999
127 133 74 9999 73 43
9999 32 9999 1 9999 9999

3 6
68 104 95
44 154 134 82 146 110
9999 9999 9999 144 189 72
126 9999 9999 190 146 9999
127 74 163 37 122 9999

3 6
22 23 68
88 43 86 126 175 56
123 141 166 181 1 9999
9999 9999 9999 9999 9999 9999
147 9999 9999 135 187 22

3 6
86 93 129
39 98 38 68 36 195
2 9999 9999 101 9999 59
76 24 82 59 9999 9999
143 108 9999 28 51 9999

3 6
68 170 156
59 165 189 35 184 59
9999 9999 146 39 16 9999
29 9999 9999 9999 9999 9999
9999 165 9999 160 9999 67

3 6
157 150 26
149 81 5 59 2 124
123 9999 167 186 9999 9999
9999 33 41 49 50 44
9999 9999 73 9999 134 58

3 6
48 173 113
56 189 180 115 41 148
30 21 9999 153 8 7
9999 9999 69 9999 130 165
194 79 35 28 9999 59

3 6
155 102 171
53 52 44 24 16 56
9999 9999 9999 196 9999 9999
9999 9999 154 9999 15 9
160 42 155 9999 12 192

3 6
155 77 9
110 114 175 135 177 12
13 9999 9999 9999 9999 9999
81 68 194 9999 9999 119
185 8 103 156 45 91

3 6
88 3 59
61 180 24 196 195 167
194 62 177 68 9999 9999
9999 9999 9999 192 12 72
173 9999 21 9999 187 9999

3 6
197 93 92
66 156 182 68 44 41
149 9999 98 172 9999 9999
9999 9999 95 141 71 24
9999 137 9999 63 9999 9999

3 6
79 7 38
152 69 71 123 83 51
165 9999 9999 168 117 186
9999 145 190 138 9999 9999
9999 113 9999 109 9999 141

3 6
68 162 129
97 99 39 56 149 18
187 9999 182 9999 90 114
9999 9999 99 167 191 9999
49 162 9999 36 9999 9999

3 6
34 189 9
66 32 48 142 14 160
9999 145 128 9999 152 9999
136 115 9999 171 167 9999
9999 9999 73 152 9999 23

3 6
66 144 35
60 60 95 140 114 99
9999 9999 9999 9999 9999 9999
9999 114 9999 31 70 9999
148 9999 31 28 143 107

3 6
81 90 141
103 157 93 128 144 155
9999 9999 9999 150 181 9999
9999 57 30 9999 30 103
130 33 9999 176 6 46

3 6
184 104 20
14 47 130 32 155 98
9999 82 9999 9999 9999 180
196 64 83 87 184 184
143 9 86 125 9999 9999

3 6
129 107 103
8 131 178 99 159 170
9999 37 9999 9999 9999 142
45 28 9999 151 9999 9999
62 9999 115 175 174 173

3 6
8 54 65
190 120 94 89 179 11
2 9999 9999 9999 116 9999
161 9999 52 100 9999 64
77 12 164 9999 9999 9999

3 6
153 46 178
130 99 119 113 99 88
9999 9999 9999 9999 66 9999
51 9999 157 144 9999 61
64 197 9999 9999 55 195

3 6
99 146 187
170 150 26 67 160 178
9999 9999 118 9999 67 9999
9999 36 62 62 9999 60
123 9999 9999 90 50 63

3 6
67 199 46
26 63 168 100 42 183
9999 9999 72 89 9999 9999
9999 9999 9999 9999 9999 138
72 195 9999 155 93 69

3 6
68 188 147
33 18 192 74 190 77
9999 2 9999 9999 9999 9999
35 9999 194 103 162 9999
9999 177 2 16 9999 179

3 6
24 88 72
156 154 46 160 91 52
9999 149 9999 29 9999 9999
66 9999 132 9999 9999 171
179 9999 9999 1 80 16

3 6
72 188 78
25 96 89 13 69 129
9999 9999 58 9999 89 139
176 23 9999 101 9999 9999
107 143 9999 151 111 9999

3 6
124 124 17
25 31 91 175 184 122
9999 9999 9999 9999 20 136
189 9999 172 152 9999 114
9999 53 178 9999 9999 9999

3 6
21 64 12
95 70 107 157 57 16
9999 9999 9999 9999 186 9999
9999 9999 12 160 9999 9999
24 25 81 69 170 36

3 6
12 166 162
175 78 144 146 170 50
111 29 116 9999 9999 9999
9999 84 9999 31 133 143
192 11 9999 59 9999 9999

3 6
20 9 182
74 137 91 122 49 25
9999 9999 9999 150 135 142
73 53 9999 9999 83 9999
9999 9999 107 69 9999 141

3 6
136 41 88
21 156 1 175 31 147
178 9999 80 9999 143 170
35 9999 9999 155 124 59
99 71 193 27 105 147

3 6
47 155 19
72 30 114 160 25 21
9999 9999 91 9999 9999 9999
12 166 9999 178 145 9999
10 191 42 9999 122 193

3 6
164 82 118
55 25 82 65 152 35
9999 9999 101 95 78 9999
96 104 9999 9999 9999 42
9999 9999 159 69 9999 12

3 6
122 163 15
92 93 33 149 149 180
178 9999 36 62 9999 9999
64 9999 9999 9999 123 9999
9999 129 9999 72 104 7

3 6
141 23 100
21 13 13 59 63 29
9999 62 9999 99 33 168
9999 9999 9999 9999 9999 117
119 9999 149 21 81 9999

3 6
34 28 165
67 178 193 42 52 133
119 20 9999 198 34 9999
82 9999 93 9999 14 9999
9999 2 70 106 9999 104

3 6
83 163 90
184 191 178 152 169 31
24 9999 9999 9999 9999 9999
138 6 46 118 64 9999
169 169 9999 103 151 89

3 6
152 162 144
184 132 149 34 57 16
21 83 9999 9999 173 90
44 9999 53 190 9999 9999
9999 9999 42 9999 190 11

3 6
159 44 86
199 73 64 67 124 141
9999 9999 9999 9999 9999 9999
110 9999 9999 21 69 9999
160 98 152 9999 9999 133

3 6
139 48 57
117 108 45 100 197 74
40 177 104 9999 9999 130
9999 9999 9999 51 9999 147
147 92 9999 76 40 104


