4 8
100 92 131 48
50 130 192 2 95 31 167 158
74 9999 9999 161 72 9999 9999 9999
56 171 9999 9999 9999 2 137 9999
26 176 165 162 128 9999 9999 179
9999 170 135 174 9999 34 9999 9999

4 8
91 160 120 27
14 6 145 192 16 37 192 72
9999 9999 9999 9999 165 78 9999 176
9999 9999 31 9999 168 80 9999 9999
175 141 87 9999 9999 127 9999 9999
9999 173 18 14 9999 172 61 9999

4 8
13 191 52 51
166 94 19 130 120 193 190 100
188 9999 9999 103 179 126 9999 49
9999 114 9999 9999 9999 9999 20 9999
160 21 123 9999 135 9999 127 38
9999 9999 80 116 80 72 91 9999

4 8
77 60 114 130
124 185 76 23 25 104 145 159
9999 9999 116 96 9999 9999 9999 9999
152 150 9999 55 9999 19 176 9999
121 1 191 9999 36 192 9999 70
186 9999 46 150 90 98 73 110

4 8
7 175 38 66
196 119 18 163 148 182 196 157
9999 10 9999 9999 9999 151 9999 9999
57 9999 9999 126 142 133 187 9999
9999 9999 168 9999 172 9999 175 194
9999 132 142 75 9999 46 9999 9

4 8
79 97 172 136
104 178 57 142 131 55 180 41
9999 69 9999 9999 9999 9999 81 19
9999 9999 9999 69 36 9999 177 9999
9999 50 9999 9999 135 114 45 9999
147 128 46 193 81 180 107 123

4 8
49 80 110 85
105 152 196 174 113 100 89 165
9999 162 9999 9999 9999 15 65 26
165 9999 195 9999 9999 9999 9999 9999
55 9999 9999 101 187 163 195 72
9999 3 38 9999 121 120 9999 9999

4 8
169 130 68 189
172 113 153 50 73 66 191 168
105 187 9999 108 9999 9999 9999 9999
9999 42 34 9999 163 9999 106 186
9999 9999 84 151 99 44 9999 9999
9999 21 195 9999 73 144 9999 9999

4 8
130 151 6 68
124 26 21 49 126 64 19 32
9999 105 9999 9999 9999 9999 96 50
9999 39 9999 111 9999 9999 163 96
9999 9999 9999 9999 166 196 9999 9999
126 9999 174 9999 12 9999 185 9999

4 8
190 159 184 105
118 89 188 79 5 82 116 17
9999 116 88 9999 9999 1 177 9999
142 28 9999 9999 9999 9999 9999 5
163 9999 189 113 74 9999 116 142
9999 9999 158 2 15 122 88 37

4 8
108 104 34 5
33 39 84 26 56 137 121 48
9999 9999 9999 2 96 9999 9999 170
9999 26 9999 9999 9999 9999 189 9999
52 174 192 9999 9999 115 70 113
9999 9999 109 21 9999 99 12 7

4 8
139 110 186 130
19 101 153 74 119 174 197 25
137 9999 76 9999 9999 112 9999 9999
9999 49 69 99 9999 9999 74 26
9999 29 9999 125 9999 143 9999 9999
9999 9999 146 9999 143 158 9999 73

4 8
127 151 61 12
63 98 85 83 198 104 180 54
9999 9999 9999 46 69 9999 9999 102
40 9999 82 9999 9999 81 179 168
135 84 97 161 9999 9999 1 26
9999 9999 9999 46 74 1 104 48

4 8
35 120 3 117
143 2 9 39 131 33 47 73
9999 9999 9999 184 9999 9999 157 176
9999 93 167 9999 9999 9999 9999 60
149 9999 73 189 34 37 142 9999
135 199 140 75 199 191 9999 171

4 8
131 60 169 178
70 23 61 184 17 127 12 36
9999 9999 9999 9999 70 9999 9999 9999
6 193 9999 80 19 123 9999 83
9999 9999 73 9999 195 9999 150 15
27 113 46 4 51 104 94 193

4 8
75 179 198 141
91 105 149 36 124 42 17 21
63 9999 9999 9999 153 34 9 9999
9999 9999 157 160 9999 9999 9999 9999
9999 142 50 9999 122 167 57 62
56 198 147 9999 103 133 143 186

4 8
154 180 152 116
21 125 94 198 59 196 152 9
10 195 9999 9999 62 9999 9999 9999
9999 9999 104 9999 34 119 132 96
170 72 194 149 9999 9999 162 9999
9999 156 181 194 9999 199 191 180

4 8
148 16 13 38
79 18 28 93 48 156 183 3
62 9999 9999 66 100 194 9999 118
9999 31 9999 196 9999 199 9999 56
43 9999 92 9999 9999 92 9999 9999
9999 57 8 199 86 9999 10 133

4 8
76 99 108 68
32 62 161 94 68 151 192 102
33 9999 9999 9999 9999 70 90 114
9999 9999 2 174 9999 9999 9999 9999
177 157 198 146 119 9999 176 126
55 14 10 7 9999 172 169 168

4 8
12 73 38 71
118 138 100 44 128 193 116 131
9999 6 9999 9999 9999 57 13 53
9999 13 96 9999 9999 9999 9999 9999
125 120 9999 81 68 37 9999 19
48 9999 94 96 110 9999 138 39

4 8
24 30 46 194
121 47 119 68 148 31 162 16
9999 177 9999 9999 9999 9999 9999 143
144 9999 148 9999 9999 9999 3 186
9999 9999 5 3 140 35 12 182
9999 9999 9999 130 5 26 9999 9999

4 8
107 120 37 58
95 143 160 115 47 42 44 9
9999 9999 9999 74 9999 9999 123 9999
123 111 96 40 25 146 131 9999
9999 152 164 199 41 139 122 67
38 144 109 118 14 9999 9999 9999

4 8
95 182 193 102
165 75 99 4 48 88 174 57
9999 9999 9999 9999 96 9999 86 9999
66 9999 16 86 9999 8 9999 9999
9999 39 149 9999 14 146 149 9999
133 112 10 135 76 9999 193 131

4 8
149 118 46 43
149 127 159 182 166 183 2 95
9999 9999 9999 9999 141 9999 9999 9999
18 9999 187 168 9999 9999 9999 9999
113 60 37 9999 9999 160 85 14
190 129 22 122 24 32 195 88

4 8
108 173 176 113
195 123 44 150 74 198 59 5
9999 80 9999 9999 73 194 9999 163
102 9999 9999 9999 62 115 176 88
1 11 127 9999 79 9999 75 9999
9999 46 9999 66 2 129 9999 9999

4 8
181 65 76 119
111 72 144 120 17 48 181 53
27 45 143 45 17 9999 9999 82
9999 98 9999 9999 182 9999 166 9999
9999 9999 9999 9999 185 199 9999 9999
136 144 9999 125 9999 9999 63 20

4 8
81 147 42 117
41 34 30 159 89 48 4 17
50 131 182 9999 142 88 191 9999
12 161 39 38 110 29 10 52
9999 78 50 9999 9999 95 57 118
93 9999 9999 102 148 9999 162 71

4 8
127 76 11 84
15 138 15 6 47 128 154 175
96 9999 9999 9999 24 53 9999 112
9999 9999 9999 76 173 49 42 9999
14 116 144 174 174 9999 9999 76
191 12 160 101 9999 88 23 9999

4 8
6 122 66 68
28 140 118 17 13 157 116 157
9999 9999 9999 9999 4 9999 18 159
12 98 9999 9999 9999 195 149 9999
21 9999 79 78 9999 9999 9999 9999
9999 9999 122 9999 154 9999 180 9999

4 8
199 156 30 76
119 138 198 61 177 138 50 2
27 20 78 9999 9999 70 9999 9999
9999 9999 39 9999 28 9999 144 9999
77 49 39 133 152 180 9 9999
171 9 140 56 180 170 9999 125

4 8
47 16 195 148
4 40 173 18 146 20 147 51
17 9999 9999 103 9999 9999 9999 8
117 5 27 9999 9999 9999 9999 9999
138 168 9999 92 9999 160 155 34
9999 95 9999 87 3 100 119 6

4 8
45 25 54 177
12 7 94 54 192 166 19 71
9999 21 91 9999 36 9999 79 9999
9999 106 9999 94 9999 170 9999 9999
39 9999 4 9999 9999 19 185 140
92 123 31 9999 142 166 9999 147

4 8
5 92 51 163
55 178 187 104 172 142 149 145
143 86 76 9999 9999 67 9999 9999
9999 122 44 76 9999 9999 9999 130
152 9999 9999 9999 45 9999 11 9999
9999 9999 198 111 9999 40 156 10

4 8
47 4 110 180
131 90 21 65 30 130 155 13
9999 50 48 198 88 9999 9999 50
125 87 9999 9999 9999 67 9999 9999
9999 9999 55 16 9999 173 9999 9999
175 80 41 175 47 73 117 161

4 8
91 157 13 117
137 180 30 142 142 101 165 24
9999 5 9999 136 169 8 71 4
85 65 9999 195 183 184 88 9999
9999 9999 177 153 9999 19 74 81
71 131 117 9999 7 9999 9999 9999

4 8
181 18 97 62
63 175 116 174 161 166 3 175
9999 149 171 9999 9999 25 166 9999
143 9999 9999 127 9999 9999 7 180
29 65 155 102 64 144 9999 177
10 45 133 152 9999 95 9999 9999

4 8
132 83 29 92
67 129 121 51 66 94 80 82
18 162 9999 9999 140 9999 9999 9999
95 9999 99 138 9999 101 10 9999
9999 22 182 9999 9999 9999 9999 36
9999 9999 9999 156 183 32 40 132

4 8
177 154 165 119
98 9 4 7 126 147 191 146
9999 9999 9999 9999 9999 9999 74 121
88 41 189 120 159 9999 9999 9999
156 9999 158 165 47 9999 112 190
143 108 191 103 18 183 111 9999

4 8
107 30 24 46
192 6 168 153 52 32 63 78
9999 46 9999 9999 118 9999 125 9999
3 9999 114 141 66 94 184 88
166 9999 89 9999 9999 9999 84 98
119 88 22 111 3 149 85 9999

4 8
20 61 138 147
37 94 117 118 83 21 14 104
93 181 174 9999 143 9999 26 9999
17 9999 129 11 9999 9999 9999 32
9999 105 9999 9999 166 94 9999 124
72 9999 87 161 86 34 19 9999

4 8
144 143 81 150
171 196 77 148 90 107 34 196
9999 9999 9999 9999 27 9999 9999 9999
162 107 9999 182 9 59 9999 35
178 9999 176 9999 9999 144 173 34
9999 135 17 194 9999 52 199 198

4 8
54 100 105 191
41 7 164 53 64 123 92 138
183 55 91 9999 9999 9999 9999 9999
153 9999 9999 87 9999 9999 9999 9999
9999 9999 9999 124 9999 31 9999 9999
32 103 197 9999 25 117 12 38

4 8
105 108 107 98
185 13 123 141 22 30 126 141
9999 72 9999 132 9999 103 9999 136
54 9999 166 9999 103 193 9999 9999
9999 94 9999 9999 9999 9999 167 67
150 78 16 65 185 149 9999 9999

4 8
148 62 89 163
140 29 123 99 33 180 178 128
9999 125 9999 9999 9999 9999 73 9999
9999 9999 198 175 96 9999 9999 122
43 190 192 24 9999 48 80 137
122 9999 145 102 134 53 185 186

4 8
80 8 82 199
23 157 197 108 38 196 114 169
9999 11 9999 9999 143 9999 24 9999
99 9999 9999 9999 55 9999 9999 9999
166 101 125 33 76 41 40 50
9999 9999 196 151 9999 9999 9999 14

4 8
6 131 32 9
137 23 20 78 77 167 34 76
9999 9999 59 9999 9999 9999 9999 9999
98 54 65 9999 9999 46 9999 161
119 131 73 9999 179 119 41 9999
47 120 9999 174 68 9999 9999 9999

4 8
159 144 69 99
106 164 41 6 66 32 161 190
9999 9999 183 9999 162 54 9999 9999
9999 27 193 9999 9999 99 9999 34
152 80 151 96 18 9999 2 150
9999 9 9999 15 56 9999 49 199

4 8
185 147 23 90
25 77 137 11 73 184 81 161
22 25 181 34 9999 9999 9999 9999
167 141 9999 101 9999 162 184 39
9999 9999 9999 9999 40 9999 9999 9999
69 9999 98 9999 128 8 109 30

4 8
124 40 139 145
131 11 138 110 198 111 57 108
9999 9999 9999 9999 9999 9999 178 9999
9999 9999 9999 9999 9999 43 9999 106
53 9999 9999 42 9999 139 177 199
199 137 30 67 48 173 168 1

4 8
175 86 94 189
172 115 60 142 157 149 19 58
82 9999 54 24 74 9999 9999 9999
21 35 9999 9999 9999 9999 9999 9999
9999 9999 31 68 94 9999 155 61
9999 9999 188 73 30 113 173 86

4 8
43 97 142 149
49 20 182 137 198 153 31 86
103 110 5 9999 9999 9999 60 9999
129 9999 169 63 9999 12 137 9999
77 11 188 9999 115 105 54 9999
99 137 38 9999 92 75 9999 24

4 8
166 113 45 22
115 196 55 96 186 187 37 161
9999 9999 9999 82 9999 5 193 9999
9999 45 132 9999 97 9999 82 198
25 58 152 9999 9999 3 9999 115
152 101 164 159 9999 31 121 79

4 8
137 103 33 145
8 157 31 159 127 144 90 184
9999 9999 138 9999 9999 45 72 10
9999 67 25 9999 186 62 182 49
176 9999 9999 9999 180 9999 68 28
17 44 28 11 140 57 9999 9999

4 8
189 88 137 13
175 73 178 12 45 47 119 104
129 119 79 9999 9999 9999 187 9999
112 28 9 71 111 9999 9999 9999
119 9999 9999 46 67 198 162 9999
9999 37 9999 9999 25 199 9999 13

4 8
182 112 150 176
40 10 195 61 20 26 73 185
9999 26 45 9999 67 9999 9999 176
9999 9999 9999 37 9999 9999 9999 9999
77 44 9999 9999 131 9999 67 2
187 9999 24 9999 123 89 9 163

4 8
16 165 68 168
189 50 180 39 184 23 30 79
9999 9999 35 29 9999 9999 87 9999
9999 9999 9999 9999 73 63 52 44
9999 112 9999 9999 160 73 193 9999
33 27 9999 9999 72 9999 9999 9999

4 8
98 119 172 72
66 22 75 191 28 187 109 41
96 9999 9999 9999 153 188 190 80
92 72 191 11 9999 9999 9999 9999
29 9999 29 118 32 9999 32 168
9999 166 9999 9999 141 14 9999 9999

4 8
79 5 189 75
7 190 42 70 127 142 84 122
84 9999 131 9999 9999 9999 164 9999
9999 9999 96 16 9999 9 9999 9999
9999 172 9999 66 52 120 9999 44
144 9999 163 126 180 134 9999 191

4 8
25 152 185 110
10 55 5 23 2 98 112 148
24 9999 9999 9999 9999 95 9999 9999
98 9999 9999 9999 9999 9999 9999 9999
9999 119 120 85 194 9999 9999 199
142 196 128 7 46 5 190 179

4 8
33 13 45 96
189 53 36 62 13 102 151 188
138 126 20 172 9999 9999 156 9999
9999 9999 9999 9999 139 54 87 52
9999 175 140 9999 31 79 9999 9999
9999 84 169 128 9999 9999 126 173

4 8
42 147 163 18
146 46 177 50 40 105 97 122
9999 9999 9999 114 9999 9999 9999 173
9999 169 130 77 2 81 184 58
171 9999 9999 9999 9999 9999 91 9999
172 178 15 9999 160 9999 14 10

4 8
34 155 186 87
155 96 45 194 113 101 127 162
9999 9999 9999 9999 104 192 9999 9999
8 9999 9999 117 116 9999 80 9999
9999 28 139 73 141 132 9999 9999
116 160 149 113 9999 48 76 134

4 8
92 33 172 180
168 94 84 144 96 138 18 82
30 100 9999 105 49 153 162 170
9999 9999 196 9999 17 92 86 121
9999 9999 16 18 158 9999 9999 9999
9999 112 49 9999 16 9999 23 178

4 8
184 32 167 35
53 55 67 74 34 35 8 66
9999 113 9999 9999 9999 144 2 9999
171 22 39 193 9999 174 9999 181
89 9999 113 170 9999 42 9999 140
2 21 47 9999 67 9999 72 49

4 8
141 94 5 103
135 102 170 120 10 54 150 172
77 9999 9999 49 9999 184 110 9999
52 149 9999 9999 9999 129 32 181
9999 8 180 9999 12 9999 9999 54
87 9999 41 113 144 180 9999 75

4 8
47 2 98 130
19 68 63 198 36 12 64 82
9999 8 107 139 54 65 9999 9999
190 11 9999 9999 9999 9999 8 180
125 9999 9999 9999 9999 9999 9999 9999
133 156 156 160 9999 102 150 105

4 8
198 21 37 117
178 193 150 27 106 11 77 66
9999 191 9999 9999 166 149 195 9999
67 9999 9999 9999 9999 9999 9999 176
115 9999 9999 9999 9999 9999 147 126
99 9999 171 118 9999 74 108 36

4 8
107 171 115 162
193 196 182 126 157 47 138 59
9999 9999 9999 121 53 9999 9999 9999
134 9999 9999 9999 9999 120 53 9999
9999 195 149 127 21 197 54 118
9999 174 105 61 9999 9999 77 123

4 8
83 46 71 80
75 198 30 71 30 76 52 112
119 79 9999 187 46 9999 9999 6
9999 138 122 191 9999 60 65 152
9999 196 155 151 9999 9999 36 9999
52 9999 9999 160 9999 74 11 138

4 8
177 20 40 122
148 109 7 148 25 176 152 67
9999 72 105 9999 9999 9999 9999 83
9999 9999 111 9999 127 97 9999 9999
93 9999 9999 30 124 79 37 9999
45 9999 166 160 123 9999 9999 9999

4 8
85 91 110 67
167 97 161 76 24 155 186 97
9999 9999 5 162 66 9999 60 7
178 9999 9999 9999 9999 9999 199 9999
9999 93 9999 9999 177 98 9999 28
60 9999 9999 56 9999 9999 101 119

4 8
98 94 94 28
89 93 102 171 60 176 83 26
9999 58 9999 9999 9999 9999 133 195
18 9999 127 50 9999 9999 9999 9999
60 9999 92 51 28 124 30 21
9 98 96 9999 133 78 23 9999

4 8
140 95 184 82
158 3 148 84 196 189 6 154
9999 187 125 9999 9999 9999 9999 136
25 9999 55 32 1 9999 22 9999
9999 1 109 179 135 9999 76 9999
20 32 9999 9999 182 189 9999 9999

4 8
13 50 176 7
187 113 173 50 56 100 53 44
139 60 192 66 9999 9999 9999 9999
98 9999 9999 9999 9999 177 185 9999
63 128 9999 9999 167 9999 9999 146
9999 84 9999 140 104 148 89 9999

4 8
168 114 91 88
64 13 124 40 169 152 41 107
9999 9999 9999 28 9999 188 37 191
9999 9999 140 130 9999 9999 9999 9999
10 144 4 9999 16 15 9999 9999
9999 179 115 55 9999 191 72 113

4 8
79 86 49 130
175 51 36 136 83 67 155 32
9999 64 9999 103 182 9999 100 187
9999 53 146 9999 9999 9999 9999 9999
49 9999 9999 64 88 31 97 9999
131 62 30 76 9999 59 119 38

4 8
9 42 13 178
21 43 55 26 115 78 152 91
9999 9999 102 9999 106 9999 41 9999
121 9999 67 7 163 9999 9999 9999
9999 9999 9999 9999 23 106 9999 9999
3 172 193 87 9999 187 76 192

4 8
147 58 132 185
46 5 31 114 80 52 71 94
106 9999 81 9999 9999 35 9999 9999
9999 9999 74 189 181 112 167 100
158 140 185 62 100 9999 110 9999
190 157 98 9999 54 9999 155 175

4 8
17 35 137 21
169 92 184 190 33 72 33 33
116 199 193 43 90 9999 9999 9999
93 9999 9999 9999 10 58 3 185
20 109 9999 99 9999 2 101 9999
9999 105 124 9999 38 60 44 28

4 8
192 69 141 51
172 101 107 190 15 157 72 161
169 60 172 9999 61 196 9999 9999
9999 133 53 109 9999 9999 9999 9999
9999 173 172 9999 43 9999 176 9999
187 9999 9999 13 17 168 9999 4

4 8
37 1 183 45
158 47 116 24 162 40 168 40
9999 9999 9999 9999 28 82 125 9999
173 9999 9999 114 9999 55 4 9999
81 16 157 9999 7 64 108 35
65 144 82 69 145 123 151 165

4 8
44 157 117 169
62 25 2 50 61 5 12 149
9999 9999 9999 9999 9999 9999 19 9999
19 38 46 9999 180 85 9999 9999
9999 9999 9999 112 9999 60 107 198
197 9999 76 1 45 9999 181 9999

4 8
146 39 62 137
20 198 118 143 132 108 161 140
9999 9999 9999 9999 9999 9999 64 9999
9999 148 9999 102 20 8 9999 148
127 9999 105 43 9999 9999 9999 9999
101 9999 70 102 40 18 9999 147

4 8
1 35 40 45
24 75 100 9 68 161 176 178
9999 9999 139 9999 9999 9999 38 183
23 9999 9999 9999 163 9999 63 130
78 11 139 102 186 117 9999 12
38 99 9999 57 9999 149 9999 167

4 8
48 87 86 173
139 104 117 120 28 43 131 191
119 9999 9999 156 68 9999 9999 88
9999 41 100 141 9999 9999 184 9999
22 163 7 125 35 36 55 9999
9999 15 138 9999 73 9999 9999 126

4 8
65 136 98 69
150 16 53 78 41 31 138 19
93 9999 9999 9999 17 9999 186 9999
9999 9999 196 9999 9999 9999 9999 180
9999 78 9999 7 189 9999 148 9999
9999 78 177 151 88 120 186 9999

4 8
61 150 195 157
57 91 182 29 90 132 2 35
9999 9999 9999 9999 9999 122 9999 115
121 198 15 7 3 9999 9999 20
9999 96 9999 71 60 27 105 9999
9999 9999 102 9999 9999 188 186 1

4 8
139 92 84 80
138 146 12 68 156 51 44 152
9999 9999 15 142 9999 9999 9999 9999
166 112 9999 120 9999 31 9999 139
9999 161 9999 9999 58 152 9999 178
131 9999 71 87 35 23 129 9999

4 8
48 184 69 148
3 198 166 10 126 111 130 32
9999 9999 54 9999 26 78 9999 199
9999 159 9999 147 167 143 22 9999
115 98 98 9999 9999 9999 165 19
85 9999 9999 9999 9999 1 92 14

4 8
157 24 162 177
127 10 30 135 44 25 9 67
9999 9999 9999 9999 9999 9999 66 9999
199 8 30 26 147 9999 54 9999
183 177 39 9999 9999 169 9999 9999
76 116 194 9999 97 145 9999 47

4 8
132 73 92 7
166 1 93 152 33 42 83 173
9999 9999 9999 9999 9999 9999 194 9999
9999 9999 42 9999 9999 9999 98 32
198 175 9999 9999 24 142 9999 193
9999 57 150 36 5 46 9999 9999

4 8
87 94 160 129
91 24 129 73 21 32 164 148
49 9999 9999 9999 9999 9999 4 9999
5 9999 32 47 26 156 9999 40
9999 104 100 128 10 111 9999 112
54 126 85 9999 173 33 192 9999

4 8
156 151 100 43
188 137 52 191 72 182 119 86
94 9999 9999 9999 9999 9999 9999 21
9999 9999 9999 9999 9999 180 9999 9999
125 143 82 41 137 150 9999 9999
9999 63 164 65 138 160 195 9999

4 8
175 46 175 68
83 177 46 127 188 47 191 48
9999 114 19 9999 172 29 9999 183
16 56 9999 9999 57 9999 9999 98
9999 9999 67 10 151 118 9999 9999
24 162 45 59 9999 78 95 66

4 8
14 128 133 101
175 79 197 144 143 38 39 114
157 157 198 189 9999 9999 51 150
9999 9999 83 9999 191 9999 151 9999
9999 9999 144 9999 161 149 9999 9999
128 9999 9999 125 171 20 102 3

4 8
115 45 119 32
191 178 78 124 66 51 46 38
139 9999 179 9999 94 9999 9999 193
9999 134 9999 153 28 9999 25 9999
24 9999 9999 34 9999 71 6 82
9999 59 48 9999 9999 25 9999 150

4 8
111 109 195 26
26 52 124 92 143 137 146 186
194 9999 9999 18 20 42 9999 9999
9999 9999 83 149 80 9999 9999 9999
156 14 149 1 9999 130 37 34
127 168 66 9999 33 9999 194 29

4 8
25 47 82 18
160 152 88 53 133 161 86 3
9999 9999 9999 163 109 11 151 9999
9999 94 167 9999 95 9999 9999 9999
50 9999 67 51 9999 135 105 105
193 94 9999 150 9999 89 111 76

4 8
107 173 141 11
198 54 124 106 95 171 55 197
9999 58 166 129 9999 102 9999 99
83 9999 144 9999 120 28 9999 9999
103 176 9999 17 9999 9999 199 144
61 107 9999 9999 91 48 9999 58

4 8
120 14 124 50
102 98 160 150 89 117 135 94
9999 9999 9999 62 9999 9999 9999 9999
106 9999 178 9999 134 9999 159 94
9999 12 5 9999 119 69 9999 47
81 9999 9999 50 140 9999 114 9999

