3 8
11 59 184
146 85 155 177 24 134 73 199
18 180 9999 3 140 9999 9999 9999
9999 70 9999 9999 9999 104 9999 49
77 139 58 51 185 149 90 168

3 8
95 98 35
189 67 84 39 43 176 28 86
9999 9999 9999 9999 17 9999 9999 69
128 9999 141 9999 9999 12 150 9999
9999 42 9999 170 131 44 192 9999

3 8
186 88 138
62 125 64 176 178 128 20 47
9999 9999 9999 9999 9999 9999 180 142
9999 9999 164 137 61 149 9999 135
62 36 194 9999 73 16 17 135

3 8
3 162 183
100 132 13 97 199 157 83 34
9999 3 53 9999 9999 9999 2 9999
94 9999 13 153 78 7 9999 63
9999 94 29 79 9999 72 34 9999

3 8
163 5 57
71 60 43 83 37 6 11 96
9999 124 9999 9999 9999 9999 4 30
9999 9999 89 145 9999 63 9999 9999
123 9999 91 42 190 162 9999 9999

3 8
151 111 15
124 140 178 186 110 26 67 67
9999 166 38 9999 9999 178 15 9999
9999 9999 85 184 9999 23 196 9999
76 140 9999 9999 107 9999 9999 111

3 8
86 146 181
84 28 172 172 84 44 104 79
33 171 76 57 92 9999 9999 9999
179 16 5 109 9999 57 65 109
184 76 9999 58 20 154 102 51

3 8
30 158 22
179 12 80 30 110 174 65 25
9999 9999 9999 9999 9999 9999 86 49
184 9999 106 9999 198 178 153 9999
9999 47 117 120 9999 33 9999 9999

3 8
159 169 142
172 137 126 52 95 125 49 69
9999 9999 9999 153 9999 45 9999 9999
98 50 9999 88 97 28 24 156
93 9999 185 9999 9999 116 9999 87

3 8
73 56 196
43 114 16 168 147 136 136 69
9999 9999 116 9999 9999 9999 53 193
9999 187 9999 9999 47 9999 97 9999
91 63 9999 165 30 171 163 83

3 8
80 9 95
116 93 169 115 15 126 107 178
9999 80 9999 77 9999 117 9999 196
9 155 9999 9999 160 9999 2 34
22 9999 157 9999 94 51 112 9999

3 8
36 152 129
181 94 188 95 58 95 43 94
9999 106 197 9999 9999 19 9999 9999
9999 9999 9999 9999 9 9 30 184
159 38 111 28 60 9999 9999 9999

3 8
192 81 147
8 16 103 193 121 71 81 141
9999 9999 119 5 9999 9999 9999 5
9999 101 147 35 92 9999 30 51
61 9999 9999 9999 166 8 190 70

3 8
39 156 130
51 197 5 197 115 124 170 168
9999 9999 9999 9999 9999 106 9999 9999
15 115 9999 46 175 46 144 40
199 9 24 161 9999 143 9999 62

3 8
45 28 149
18 116 147 151 150 28 112 117
42 9999 9999 9999 9999 190 9999 78
9999 84 9999 9999 9999 159 36 135
9999 61 26 122 49 71 173 39

3 8
193 57 31
43 101 14 22 164 96 48 101
9999 9999 163 8 9999 131 9999 9999
9999 52 9999 21 40 2 9999 9999
107 19 45 9999 88 9999 105 109

3 8
145 164 132
115 2 26 5 107 178 147 101
9999 9999 9999 9999 118 9999 107 9999
17 106 49 20 115 197 134 9999
31 93 21 9999 74 117 9999 91

3 8
193 38 82
159 61 171 161 192 89 7 98
163 9999 82 189 136 9999 19 9999
106 81 179 57 9999 153 142 78
9999 28 151 15 9999 185 9999 27

3 8
154 162 143
9 131 33 126 37 66 36 161
9999 9999 9999 121 102 16 45 62
9999 6 9999 18 9999 9999 50 9999
162 9999 17 9999 75 9999 9999 126

3 8
192 66 96
69 47 52 73 78 79 32 4
9999 45 111 9999 167 7 17 13
9999 9999 57 80 9999 9999 157 93
24 9999 162 9999 120 110 9999 9999

3 8
74 182 10
41 165 49 117 126 75 90 109
9999 90 159 9999 68 9999 9999 166
15 9999 9999 186 9999 114 9999 9999
139 140 105 9999 57 9999 127 24

3 8
194 103 10
55 9 124 193 22 153 17 38
9999 34 143 9999 9999 9999 9999 166
9999 169 134 9999 42 37 9999 28
71 9999 92 122 33 63 32 9999

3 8
42 7 39
168 145 184 22 140 144 124 62
9999 9999 9999 129 9999 9999 9999 9999
115 9999 110 9999 122 55 9999 9999
51 177 9999 95 77 103 161 194

3 8
31 98 58
124 168 198 183 146 22 89 159
9999 9999 9999 9999 198 9999 183 9999
9999 125 117 111 9999 110 93 36
36 136 187 177 47 3 183 14

3 8
138 129 32
152 159 54 47 106 49 182 100
9999 9999 136 15 167 9999 112 9999
9999 67 9999 9999 158 9999 9999 178
196 114 9999 113 87 77 28 136

3 8
91 61 39
179 155 2 185 68 198 167 7
81 9999 28 9999 9999 12 9999 9999
9999 62 9999 83 9999 9999 112 168
9999 9999 84 120 6 31 19 96

3 8
47 86 37
47 56 128 162 50 63 78 199
177 194 9999 102 187 9999 29 113
9999 97 80 9999 9999 117 88 9999
9999 9999 9999 9999 30 173 165 48

3 8
131 138 141
158 87 82 127 28 148 94 92
9999 9999 9999 9999 9999 9999 4 61
9999 178 155 9999 9999 9999 5 9999
67 9999 119 56 40 179 9999 24

3 8
194 149 55
41 142 97 96 124 59 155 29
20 9999 9999 58 9999 133 9999 9999
9999 173 68 9999 9999 142 9999 124
9999 32 188 39 25 9999 119 79

3 8
148 123 90
173 16 177 137 58 181 43 179
9999 9999 9999 180 9999 9999 46 115
139 9999 179 9999 109 47 9999 9999
9999 70 192 9999 126 165 164 79

3 8
151 152 31
141 157 3 170 81 140 175 159
9999 9999 35 160 9999 9999 173 9999
46 51 9999 9999 30 9999 9999 89
9999 70 107 9999 9999 43 9999 9999

3 8
186 146 93
49 162 178 30 102 198 183 63
9999 9999 9999 37 45 161 9999 9999
154 9999 9999 178 88 9999 88 113
9999 83 9 9999 9999 44 107 9999

3 8
4 167 173
86 137 75 171 188 190 41 72
193 152 9999 79 141 9999 29 9999
9999 9999 9999 8 9999 9999 39 83
9999 37 28 138 157 115 102 9999

3 8
109 50 149
193 132 144 195 5 124 128 199
9999 1 9999 42 9999 129 9999 9999
49 9999 39 180 54 61 9999 9999
79 85 9999 177 1 9999 49 146

3 8
9 122 195
63 4 152 29 90 97 189 53
9999 62 9999 44 9999 146 9999 176
192 73 82 98 85 9999 32 9999
9999 9999 9999 9999 9999 9999 9999 121

3 8
112 155 51
145 146 180 178 57 169 16 186
56 74 9999 129 9999 81 9999 9999
162 38 7 9999 120 51 199 111
9999 9999 137 145 9999 9999 121 99

3 8
75 80 161
85 167 94 71 33 158 87 143
9999 9999 111 9999 9999 9999 9999 34
161 9999 9999 6 12 9999 6 9999
7 120 9999 61 55 21 19 88

3 8
77 198 35
33 8 19 138 2 128 29 55
9999 54 9999 9999 114 9999 9999 9999
166 9999 10 9999 70 153 97 9999
9999 153 63 77 59 9999 186 83

3 8
114 175 122
9 156 199 146 81 132 60 2
149 9999 113 9999 9999 194 173 149
9999 9999 79 140 105 134 9999 9999
90 19 9999 121 9999 75 9999 156

3 8
56 99 17
8 63 102 51 30 37 143 53
73 60 30 9999 34 9999 164 9999
108 9999 9999 88 172 35 9999 178
9999 88 109 9999 79 9999 77 12

3 8
40 77 59
143 15 72 114 172 103 22 60
9999 176 9999 89 101 9999 9999 9999
2 9999 4 9999 45 136 9999 111
13 168 74 89 127 90 73 193

3 8
64 78 188
39 163 85 135 42 106 182 179
97 138 22 9999 47 163 116 67
9999 9999 9999 9999 9999 9999 9999 9999
135 88 138 187 34 178 157 156

3 8
191 142 191
126 65 3 33 166 152 167 122
9999 9999 75 163 116 9999 9999 9999
9999 9999 11 83 9999 80 9999 19
19 111 54 9999 172 138 129 70

3 8
159 98 98
48 96 57 147 69 155 181 123
58 9999 161 60 155 9999 9999 9999
9999 9999 89 9999 9999 9999 101 9999
59 45 9999 9999 104 105 9999 5

3 8
174 35 143
178 44 90 121 19 142 138 101
149 9999 9999 7 18 118 9999 144
9999 171 9999 9999 9999 101 9999 9999
51 92 42 13 9999 116 174 72

3 8
48 66 92
64 73 198 110 24 155 198 5
9999 137 9999 9999 9999 9999 9999 83
8 9999 9999 77 9999 60 9999 9999
9999 5 179 95 20 169 185 128

3 8
47 89 24
196 36 193 115 186 114 71 108
9999 116 9999 9999 9999 9999 47 155
88 9999 74 102 123 5 9999 148
9999 9999 9999 189 186 150 9999 81

3 8
11 154 178
50 170 177 7 181 170 11 49
9999 9999 9999 85 9999 9999 101 78
132 9999 75 118 9999 78 55 9999
32 184 135 109 153 5 173 9999

3 8
173 128 72
186 91 197 198 138 79 62 150
9999 9999 143 9999 74 9999 26 9999
115 125 120 7 9999 15 9999 9999
35 9999 9999 163 173 13 107 64

3 8
110 67 184
93 183 128 1 119 68 22 87
18 9999 14 9999 9999 9999 9999 9999
23 188 118 50 28 9999 123 99
49 189 9999 73 121 66 9999 9999

3 8
68 92 128
82 156 199 127 133 13 45 135
9999 176 9999 9999 9999 191 9999 142
62 41 130 141 75 119 9999 47
9999 72 81 9999 9999 9999 129 9999

3 8
169 24 79
93 59 165 79 165 69 136 120
193 68 9999 9999 9999 109 9999 185
9999 9999 9999 11 9999 9999 9999 9999
9999 108 184 9999 42 88 91 12

3 8
147 8 179
107 71 115 184 145 87 67 75
9999 84 9999 9999 9999 87 192 9999
107 115 185 189 71 5 32 9999
123 9999 85 131 164 9999 19 96

3 8
178 153 12
147 69 127 173 23 21 18 155
93 9999 134 9999 9999 9999 110 165
17 161 149 9999 9999 41 55 9999
126 166 3 167 50 107 143 9999

3 8
36 130 122
121 157 47 188 30 167 126 181
9999 9999 9999 9999 9999 9999 9999 9999
146 187 64 9999 9999 50 88 134
7 12 9999 80 185 9999 89 26

3 8
93 36 128
48 51 28 164 105 22 157 136
103 9999 33 9999 6 9999 9999 9999
9999 9999 2 58 9999 177 108 164
63 188 9999 3 70 72 9999 53

3 8
26 165 73
47 181 165 185 48 178 124 35
20 9999 9999 9999 40 7 9999 9999
9999 9999 129 146 9999 9999 199 9999
9999 134 9999 9999 9999 70 9999 2

3 8
171 39 108
158 162 113 105 109 111 13 65
9999 9999 9999 9999 199 9999 9999 9999
9999 8 54 30 9999 102 74 27
147 135 175 160 186 9999 9999 48

3 8
36 139 164
43 111 16 177 32 23 112 82
9999 66 78 92 9999 185 199 104
14 5 9999 115 103 9999 9 9999
9999 9999 9999 26 17 121 14 105

3 8
74 167 186
156 25 48 134 82 99 148 187
139 37 9999 62 9999 157 16 9999
9999 9999 140 42 9999 9999 135 9999
53 99 9999 196 108 4 9999 140

3 8
187 66 156
186 166 28 38 80 125 114 148
120 42 9999 9999 7 9999 9999 9999
9999 45 101 133 9999 91 9999 160
9999 9999 9999 9999 177 138 134 9999

3 8
128 145 82
96 169 54 168 13 176 137 162
9999 5 9999 107 130 191 9999 9999
163 9999 9999 91 9999 9999 39 9999
9999 19 90 9999 42 9999 9999 169

3 8
70 104 157
144 54 16 144 51 107 13 66
108 46 28 145 9999 178 9999 82
176 9999 9999 94 107 102 48 9999
9999 38 48 9999 57 54 107 89

3 8
46 166 192
49 48 91 181 190 75 83 36
142 9999 81 9999 141 9999 146 192
9999 45 9999 153 9999 10 9999 103
69 80 9999 134 9999 9999 30 9999

3 8
131 15 76
164 140 128 98 99 95 154 3
9999 188 94 9999 9999 122 149 9999
125 4 9999 130 110 9999 164 9999
107 44 27 9999 151 58 27 12

3 8
29 111 198
43 29 114 66 16 10 71 22
9999 194 182 9999 9999 9999 9999 53
19 128 130 9999 9 9999 48 132
9999 9999 9999 89 12 17 9999 163

3 8
73 133 165
179 31 51 15 21 30 154 1
9999 145 9999 195 10 9999 9999 9999
9999 9999 50 9999 80 9999 175 9999
28 117 59 9999 9999 193 164 116

3 8
17 181 114
1 180 142 168 4 114 196 10
9999 9999 159 9999 9999 9999 9999 9999
9999 124 9999 9999 80 9999 171 83
15 82 152 111 9999 159 39 9999

3 8
94 179 91
169 191 195 108 159 86 59 43
158 9999 128 146 171 76 8 64
9999 88 41 9999 9999 35 9999 9999
9999 9999 9999 154 9999 153 9999 142

3 8
123 193 24
39 180 148 11 40 181 123 159
9999 156 47 9999 155 150 9999 9999
80 9999 15 173 9999 140 99 9999
77 9999 85 9999 177 102 170 74

3 8
152 10 169
131 121 99 109 87 151 161 37
85 9999 9999 70 178 9999 48 9999
9999 107 129 110 9999 85 9999 26
171 9999 101 9999 139 199 9999 14

3 8
116 157 127
121 175 108 159 77 36 117 178
81 54 138 147 9999 9999 9999 155
111 9999 1 9999 9999 186 9999 164
117 46 9999 9999 67 152 67 9999

3 8
73 194 89
144 180 86 70 53 100 24 154
38 9999 9999 151 9999 9999 85 9999
9999 41 9999 9999 91 42 9999 9999
9999 22 61 9999 9999 82 102 31

3 8
164 190 198
159 89 12 11 140 173 5 187
9999 169 134 9999 190 55 166 9999
9999 9999 121 92 9999 9999 9999 9999
177 125 9999 179 9999 38 9999 196

3 8
30 57 22
108 171 55 160 131 74 66 197
83 9999 9999 9999 171 52 9999 9999
125 9999 12 9999 9999 9999 9999 9999
84 136 9999 29 9999 9999 194 43

3 8
193 126 176
6 93 3 77 135 124 84 163
154 9999 9999 9999 9999 9999 147 9999
114 175 6 9999 9999 27 9999 77
9999 9999 9999 31 175 9999 184 9999

3 8
91 59 108
1 73 153 109 98 85 147 2
76 38 9999 57 151 9999 9999 9999
9999 163 31 2 103 142 199 190
9999 197 9999 9999 9999 9999 9999 158

3 8
166 96 103
123 93 44 137 127 152 113 175
9999 9999 145 152 9999 9999 9999 51
64 9999 9999 187 34 61 18 9999
9999 57 9999 173 78 16 9999 167

3 8
199 172 146
77 71 157 177 183 159 59 141
9999 9999 9999 9999 9999 9999 9999 9999
9999 63 9999 74 194 9 127 67
163 193 97 9999 12 27 9999 9999

3 8
86 155 165
146 10 46 96 80 167 76 56
38 9999 150 66 9999 9999 42 60
9999 123 94 153 186 141 9999 9999
70 38 78 69 82 9999 166 89

3 8
162 171 4
62 155 173 29 140 51 50 198
60 9999 197 9999 64 16 9999 9999
83 192 9999 79 9999 9999 177 177
9999 113 9999 13 153 60 9999 110

3 8
191 32 80
62 20 141 42 157 8 108 37
9999 75 166 154 139 9999 9999 17
79 9999 9999 9999 9999 182 105 30
81 9999 136 91 46 9999 125 9999

3 8
8 161 136
79 66 125 55 173 134 150 117
81 71 9999 9999 142 81 9999 26
9999 41 182 87 9999 9999 9999 9999
9999 9999 72 36 9999 9999 7 98

3 8
156 161 9
149 97 105 117 135 103 165 195
84 9999 39 9999 135 9999 9999 2
147 158 125 9999 9999 9999 75 9999
9999 136 9999 36 9999 147 9999 9999

3 8
181 199 84
65 54 162 162 28 27 95 16
9999 9999 9999 9999 69 9999 65 9999
9999 55 9999 24 40 9999 9999 9999
88 9999 94 171 9999 80 9999 40

3 8
57 180 29
25 3 132 115 45 121 68 108
9999 9999 9999 9999 188 9999 9999 9999
9999 9999 9999 152 9999 24 125 160
159 164 192 1 39 27 9999 105

3 8
173 189 127
51 56 29 69 11 58 15 3
9999 106 9999 9999 153 9999 9999 170
18 9999 9999 62 9999 9999 89 9999
9999 162 111 35 9999 155 136 65

3 8
134 71 161
126 9 13 61 161 190 112 69
9999 173 9 9999 78 9999 9999 76
53 9999 69 147 42 197 150 29
9999 9999 9999 10 9999 9999 9999 46

3 8
89 30 91
54 65 80 188 171 166 185 63
9999 9999 32 9999 85 9999 9999 41
9999 15 9999 9999 69 9999 69 9999
44 68 9999 196 1 188 190 9999

3 8
28 61 96
75 74 156 27 115 121 152 22
143 9999 9999 122 9999 9999 9999 9999
193 171 9999 48 77 125 9999 9999
68 17 129 101 9999 9999 71 35

3 8
10 79 51
160 195 85 170 199 51 189 95
79 9999 9999 25 181 107 127 112
69 26 68 9999 14 49 137 187
45 39 72 92 2 9999 97 17

3 8
12 119 18
69 64 92 112 125 65 182 21
9999 9999 88 9999 9999 9999 9999 9999
9999 123 9999 9999 9999 51 9999 78
44 131 132 183 40 171 48 120

3 8
177 194 79
14 48 32 93 78 66 22 63
135 9999 83 9999 9999 9999 21 3
9999 25 58 9999 9999 183 9999 9999
161 9999 71 156 186 42 136 196

3 8
100 45 5
91 140 31 159 121 69 63 94
9999 9 173 88 28 9999 9999 9999
9999 160 9999 9999 9999 9999 9999 87
50 9999 71 9999 21 92 72 9999

3 8
199 109 79
173 14 93 146 46 176 54 150
197 9999 9999 77 89 18 9999 193
9999 89 38 9999 9999 9999 191 9999
9999 9999 65 2 9999 9999 170 9999

3 8
151 73 60
100 68 174 173 104 10 17 162
78 9999 9999 9999 9999 14 117 70
137 9999 9999 9 134 9999 80 9999
9999 98 118 134 167 9999 56 111

3 8
139 14 139
137 175 199 174 135 89 101 49
9999 9999 9999 9999 198 9999 9999 9999
129 9999 160 9999 24 189 9999 9999
155 193 183 157 117 154 172 136

3 8
45 140 94
197 113 74 192 73 109 34 57
36 79 9999 73 199 9999 168 131
5 62 9999 187 9999 47 9999 198
9999 9999 177 9999 9999 114 9999 83

3 8
9 34 54
59 59 171 114 113 79 86 114
9999 42 9999 9999 14 9999 9999 9999
121 173 65 26 9999 136 19 96
9999 9999 52 194 9999 176 5 9999

3 8
137 2 117
123 62 178 59 162 181 172 90
9999 9999 98 44 85 86 42 9999
9999 59 164 150 9999 9999 91 90
77 99 96 9999 71 9999 97 9999


