7 16
61 56 145 120 4 93 5
93 49 93 159 9 36 43 79 126 29 174 82 68 3 97 124
157 17 94 9999 9999 174 139 9999 184 165 9999 9999 9999 76 9999 69
11 47 9999 9999 9999 145 9999 9999 9999 9999 71 9999 175 9999 9999 9999
166 9999 82 143 114 9999 124 69 9999 81 171 160 9999 111 164 9999
185 117 57 38 40 9999 9999 4 9999 107 48 171 9999 9999 9999 50
71 183 161 15 80 85 117 42 29 9999 108 132 29 94 194 5
61 9999 7 9999 9999 66 101 103 122 53 150 9999 11 9999 121 9999
110 9999 9999 190 93 112 176 57 199 102 9999 166 163 66 153 82

7 16
100 33 177 183 109 82 24
76 168 168 99 70 61 73 173 62 14 161 38 57 159 136 148
9999 9999 9999 9999 9999 9999 120 9999 84 47 9999 140 147 9999 9999 69
17 95 66 57 129 9999 9999 21 41 9999 14 102 4 9999 9999 9999
6 36 9999 9999 138 170 5 151 9999 73 9999 9999 9999 175 146 102
156 61 32 9999 153 9999 149 9999 123 24 141 9999 11 9999 50 9999
6 9999 148 60 37 102 99 81 41 9999 148 9999 112 26 125 170
43 23 142 86 192 151 9999 199 110 155 101 171 17 63 106 28
153 9999 75 191 122 7 5 133 69 166 144 132 9999 115 131 24

7 16
185 43 97 3 24 122 4
2 24 95 58 172 80 51 51 143 193 51 25 1 66 8 111
9999 9999 9999 9999 9999 9999 36 9999 9999 9999 66 9999 9999 188 44 9999
9999 187 9999 62 24 9999 9999 121 184 9999 99 83 9999 9999 150 54
164 124 9999 81 116 141 5 9999 9999 97 136 33 4 72 9999 9999
9999 9999 156 9999 143 48 75 9999 56 64 183 114 83 166 81 115
166 10 164 86 9999 175 9999 100 173 100 9999 15 36 56 140 75
143 38 63 75 31 21 57 13 186 63 161 144 84 128 9999 168
80 94 91 13 185 141 9999 77 28 164 67 35 182 99 9999 153

7 16
57 2 199 146 130 149 89
61 157 138 56 108 71 17 179 81 116 185 10 51 140 151 23
151 64 178 74 74 9999 21 9999 59 47 36 131 144 9999 53 9999
9999 118 162 9999 169 9999 125 105 9999 106 9999 9999 9999 114 155 61
9999 104 59 9999 9999 35 173 9 9999 9999 112 48 37 9999 9999 105
89 136 64 182 153 176 9999 17 55 163 138 9999 36 20 2 72
121 49 9999 140 157 40 135 8 45 131 9999 9999 83 64 42 132
7 107 9999 9999 68 9999 178 9999 9999 74 188 86 182 83 70 9999
187 9999 9999 51 9999 63 154 169 12 62 28 77 116 120 5 9999

7 16
161 166 103 10 118 1 167
129 82 100 164 21 12 59 5 152 57 86 72 199 162 24 145
9999 69 196 9999 9999 9999 9999 28 84 9999 102 9999 9999 9999 9999 98
9999 9999 9999 129 9999 1 52 9999 9999 169 9999 166 9999 9999 182 9999
131 9999 9999 130 97 119 9999 116 9999 9999 9999 153 37 54 9999 144
87 2 30 9999 193 10 131 190 46 9999 29 153 154 119 56 9999
127 130 120 9999 178 9999 9999 97 9 7 55 165 144 132 103 18
9999 48 169 94 31 169 83 9999 187 93 43 9999 138 44 108 158
63 157 69 124 9999 91 72 181 141 160 31 119 65 138 159 93

7 16
36 20 25 91 105 182 92
38 91 127 197 58 153 38 190 23 134 139 23 172 128 56 23
9999 57 9 9999 188 9999 9999 9999 197 140 94 9999 53 9999 9999 9999
9999 19 199 160 184 9999 12 9999 62 9999 9999 9999 9999 9999 9999 9999
71 9999 9999 156 9999 5 9999 121 153 177 90 180 160 3 57 174
67 9999 47 9999 9999 9999 64 9999 149 9999 60 94 9999 50 128 97
156 9999 102 68 171 153 111 81 83 9 169 1 103 79 52 9999
78 112 9999 28 150 169 190 25 161 46 9999 99 9999 137 9999 147
9999 154 9999 90 9999 23 144 95 9999 9999 62 107 87 40 174 71

7 16
134 30 98 47 141 99 74
71 84 2 178 109 91 30 23 144 75 137 98 106 177 170 92
180 9999 44 91 9999 123 9999 192 9999 122 9999 9999 154 9999 119 142
159 44 38 9999 153 46 21 9999 176 178 9999 24 9999 9999 1 9999
9999 79 139 9999 9999 82 84 136 47 86 65 161 50 96 188 9999
120 192 9999 52 53 85 71 44 49 14 65 121 154 97 9999 157
126 9999 9999 145 95 9999 106 9999 79 98 198 18 22 18 9999 114
65 51 54 9999 150 9999 9999 103 2 9999 160 9999 96 119 149 30
79 177 92 139 9999 199 91 97 172 71 103 115 9999 181 110 9999

7 16
173 89 165 104 63 179 152
173 112 80 50 8 61 24 62 93 153 69 169 195 77 138 52
182 182 9999 9999 4 33 171 65 9999 105 9999 9999 39 9999 9999 9999
13 178 78 70 9999 9999 57 172 32 9999 190 9999 9999 9999 168 9999
9999 89 9999 9999 9999 9999 9999 9999 131 151 165 40 9999 47 156 45
9999 9999 193 163 193 124 71 75 30 134 134 3 9999 131 9999 76
16 123 52 195 170 95 140 36 143 82 9999 9999 145 32 9999 142
92 9999 18 125 129 72 9999 78 9999 109 78 106 69 56 7 171
173 64 2 118 77 79 157 9999 32 191 80 198 146 9999 124 124

7 16
25 71 153 163 24 187 144
131 97 24 141 135 174 119 16 185 127 171 107 195 21 36 93
142 96 9999 194 9999 185 193 95 107 29 162 185 9999 9999 160 183
184 9999 9999 9999 1 9999 9999 14 191 171 9999 39 9999 157 9999 9999
9999 114 36 173 9999 104 191 51 157 9999 82 57 105 4 143 9999
9999 9999 9999 93 111 9999 127 59 9999 9999 184 9999 134 7 190 167
155 6 96 9999 17 10 9999 9999 103 55 9999 91 9999 9999 9999 146
9999 150 167 139 17 153 9999 135 1 9999 101 9999 47 69 1 132
27 36 2 72 110 38 106 9999 102 161 37 95 50 45 9999 164

7 16
64 4 110 11 39 150 121
45 131 122 77 189 13 156 53 7 161 88 1 19 148 34 15
142 9999 9999 129 116 9999 9999 9999 196 197 9999 118 9999 160 9999 9999
140 9999 9999 39 156 9999 9999 9999 9999 152 9999 9999 97 62 139 13
116 81 107 11 21 25 9999 160 10 158 41 112 9999 9999 9999 9999
97 8 9999 9999 9999 103 2 9999 166 9999 168 9999 121 136 14 128
9999 119 120 162 145 9999 196 46 172 113 9999 163 119 176 34 136
93 60 40 16 173 26 171 134 9999 79 4 6 139 9999 13 85
110 5 24 96 93 179 171 90 150 9999 131 12 162 152 31 173

7 16
129 7 147 128 29 118 99
92 26 37 27 84 51 154 88 37 45 195 166 158 125 165 197
9999 9999 9999 9999 9999 131 9999 9999 9999 9999 9999 9999 9999 9999 9999 9999
9999 9999 9999 9999 157 9999 3 9999 122 9999 9999 9999 102 36 95 96
9999 35 176 19 9999 9999 9999 97 9999 184 30 79 9999 157 9999 6
176 71 130 9999 173 183 144 9999 114 99 9999 9999 126 9999 9999 9999
197 183 175 88 30 165 123 77 9999 126 186 143 192 196 14 50
194 123 92 167 62 180 128 14 99 82 62 62 9999 147 131 85
162 37 33 71 41 170 72 197 5 9999 68 125 67 3 7 38

7 16
173 7 43 168 32 53 85
167 50 8 164 197 7 74 15 70 33 196 148 69 111 78 124
171 9999 9999 9999 30 9999 50 9999 9999 9999 9999 190 9999 9999 34 9999
9999 28 195 54 183 9999 186 9999 105 9999 70 143 21 161 9999 9999
195 38 9999 13 9999 173 9999 17 9999 141 9999 3 179 60 21 25
9999 195 165 31 152 57 9999 95 9999 13 173 9999 46 4 158 9999
104 9999 103 193 48 148 108 74 17 171 73 9999 71 9999 9999 24
72 105 168 9999 72 95 165 9999 86 182 62 9999 46 30 90 116
64 36 141 5 9999 9999 9999 13 94 9999 7 168 111 9999 70 150

7 16
135 34 85 95 192 46 34
100 131 175 88 145 16 49 168 72 104 55 166 4 8 76 3
9999 9999 9999 9999 9999 9999 9999 9999 72 157 25 9999 9999 9999 9999 9999
140 9999 86 9999 9999 144 9999 9999 114 152 9999 9999 9999 59 119 129
9999 140 159 45 9999 9999 27 182 186 9999 9999 9999 80 9999 9999 15
54 9999 63 55 137 95 183 60 9999 9999 104 64 75 12 178 93
9999 95 19 149 34 9999 21 140 95 23 168 92 92 63 85 60
105 79 194 2 21 100 194 51 29 28 36 148 15 58 127 9999
2 141 9999 134 133 57 75 34 85 9999 158 165 140 98 22 57

7 16
30 138 120 136 63 172 17
191 163 113 111 125 101 134 88 83 180 196 140 144 1 159 171
95 9999 67 9999 9999 185 34 9999 38 11 101 30 9999 9999 9999 9999
142 132 134 9999 183 9999 9999 173 9999 131 9999 9999 9999 147 160 4
9999 76 9999 186 9999 83 84 72 62 43 9999 9999 138 9999 110 9999
9999 141 9999 59 135 28 9999 164 168 9999 96 199 9999 9999 9999 82
9999 9999 70 106 9999 9999 9999 49 9999 103 9999 9999 107 62 9999 85
125 104 109 164 154 9999 134 171 9999 53 174 84 123 9 104 29
68 152 113 9999 6 62 198 169 191 9999 152 3 97 174 165 9999

7 16
74 97 54 81 127 122 3
143 58 12 103 39 65 80 45 178 46 17 99 112 86 150 70
9999 127 110 91 9999 9999 9999 9999 9999 9999 9999 3 151 9999 9999 9999
2 34 105 9999 9999 45 146 17 9999 196 31 9999 164 137 188 9999
9999 178 9999 67 116 48 9999 9999 16 13 159 9999 9999 187 36 197
9 9999 9999 9999 9999 128 5 126 9999 53 9999 142 9999 9999 9999 36
119 48 62 81 159 103 50 71 15 116 9999 154 9999 94 78 157
6 9999 139 70 65 186 152 187 189 9999 111 9999 83 135 91 9999
9999 148 111 162 97 162 9999 8 72 4 136 186 13 11 182 179

7 16
181 19 198 35 183 5 163
59 33 76 4 192 157 77 192 83 157 178 56 101 187 2 14
154 2 9999 9999 9999 9999 9999 124 9999 9999 9999 9999 9999 9999 9999 9999
9999 9999 101 116 9999 30 183 9999 69 9999 135 9999 9999 186 90 195
195 9999 9999 9999 122 9999 9999 9999 140 99 9999 9999 84 190 9999 9999
9999 39 169 36 173 8 150 197 3 37 148 172 107 9999 9999 137
9999 9999 81 9999 9999 91 9999 173 175 96 26 55 141 69 148 14
8 88 54 17 161 131 136 123 9999 9999 54 81 9999 163 12 119
127 169 193 40 145 53 86 78 175 120 9999 161 111 9999 60 120

7 16
157 9 96 172 68 11 142
76 18 114 193 83 67 103 194 84 132 104 97 142 77 17 65
9999 116 9999 58 143 178 9999 107 10 53 9999 9999 128 29 9999 9999
9999 65 57 9999 196 9999 9999 9999 94 9999 9999 115 9999 96 9999 70
101 9999 9999 49 166 9999 92 113 9999 9999 137 9999 94 182 114 9999
21 129 9999 38 9999 35 63 75 154 98 110 9999 194 9999 110 170
101 187 35 130 9999 116 27 137 162 40 118 46 9999 9999 9999 9999
33 116 44 9999 160 53 9999 9999 26 9999 41 139 170 2 144 135
114 9999 35 15 164 87 54 18 9999 141 9999 59 148 103 181 2

7 16
15 74 59 5 76 141 137
178 99 26 7 178 140 47 68 83 11 118 142 147 137 37 154
9999 9999 9999 9999 9999 9999 12 9999 9999 98 9999 196 9999 139 9999 9999
9999 77 9999 9999 150 18 9999 9999 74 9999 149 9999 107 9999 94 9999
9999 9999 9999 20 82 9999 178 141 56 69 142 59 174 127 9999 43
88 9999 75 121 9999 31 21 100 9999 9999 159 66 9999 92 35 30
41 98 44 8 122 9999 153 197 124 9999 51 70 166 111 92 9999
54 81 21 121 7 182 9999 120 66 134 165 9999 9999 135 79 153
80 33 165 3 104 161 9999 85 95 27 180 35 142 9999 150 25

7 16
11 195 121 89 79 6 138
11 79 198 135 24 90 140 69 28 86 16 142 184 142 81 121
130 82 80 120 48 9999 181 150 9999 125 9999 9999 9999 9999 116 9999
9999 49 9999 153 56 163 124 9999 9999 116 44 65 51 153 9999 9999
103 9999 6 168 9999 120 9999 111 112 9999 134 9999 154 9999 91 59
118 9999 9999 9999 9999 9999 32 9999 9999 9999 35 56 103 116 35 81
161 88 146 41 4 9999 11 199 177 173 9999 29 161 53 9999 10
9999 6 111 14 121 34 100 4 68 58 139 9999 9999 126 14 60
151 7 143 9999 9999 18 196 9999 168 163 162 157 108 9999 80 17

7 16
168 36 71 114 71 161 87
41 55 45 134 35 181 194 62 112 142 167 179 75 144 6 148
9999 9999 164 111 90 9999 146 9999 9999 181 9999 9999 115 31 9999 9999
179 9999 71 9999 9999 9999 9999 148 110 80 23 152 9999 9999 9999 9999
153 83 169 190 167 9999 2 104 9999 29 94 141 62 102 1 95
9999 57 140 9999 9999 41 9999 77 108 9999 117 194 9999 185 140 9999
9999 146 82 194 93 113 70 120 14 78 165 178 119 9999 85 6
27 67 9999 137 59 147 49 183 8 158 9999 136 9999 126 162 42
144 38 9999 184 24 55 9999 185 150 9999 55 65 9 9999 115 75

7 16
10 97 75 127 93 19 4
133 52 152 95 154 188 118 43 81 34 3 121 188 73 23 120
9999 1 9999 169 9999 135 9999 63 36 9999 9999 87 9999 154 57 9999
72 9999 155 9999 131 7 70 9999 59 94 190 9999 163 9999 9999 45
50 35 9999 46 54 9999 197 185 67 94 9999 9999 9999 126 124 170
14 38 169 192 31 9999 180 132 9999 126 9999 5 9999 38 166 81
9999 21 9999 9999 191 9999 18 197 9999 9999 67 9999 70 9999 9999 164
66 139 50 156 88 157 9999 9999 107 160 131 162 45 151 100 9999
47 73 175 141 196 56 9999 28 150 37 189 179 167 19 9999 96

7 16
17 50 188 102 112 136 128
157 144 88 159 139 183 130 144 76 196 174 160 81 189 164 120
191 9999 9999 30 9999 9999 195 71 9999 9999 9999 9999 9999 9999 158 48
9999 19 133 9999 9999 9999 9999 158 107 9999 76 150 122 18 139 9999
9999 158 9999 9999 9999 9999 9999 9999 79 27 42 9999 9999 60 9999 9999
174 9999 126 9999 68 65 79 109 83 21 128 9999 85 21 135 164
21 162 156 186 86 185 196 93 9999 71 163 37 184 9999 116 82
155 183 86 166 126 149 183 19 66 49 56 8 74 197 9999 64
20 155 78 159 194 80 168 9999 82 9999 133 194 36 9999 71 171

7 16
59 34 173 58 11 101 128
122 20 72 175 112 53 46 60 97 182 199 89 101 104 81 152
9999 27 84 9999 178 108 9999 51 83 9999 9999 9999 9999 9999 172 9999
38 61 9999 179 9999 18 9999 9999 113 9 47 160 170 9999 65 112
163 184 132 59 144 9999 29 42 9999 64 19 18 3 107 9999 9999
66 145 105 9999 67 9999 44 119 40 72 51 115 65 103 167 68
43 9999 24 170 67 30 24 9999 9999 9999 63 133 97 117 189 9999
100 64 9999 96 13 117 10 171 125 169 9999 9999 9999 66 70 64
137 9999 12 195 191 109 178 9999 119 9999 9999 32 94 168 175 181

7 16
47 94 133 114 26 179 145
143 195 86 161 175 165 54 30 13 165 46 157 127 173 50 54
9999 9999 9999 9999 9999 9999 9999 9999 9999 9999 101 9999 9999 9999 9999 9999
159 40 171 18 8 9999 9999 112 9999 116 136 9999 9999 183 42 9999
194 9999 3 117 9999 118 9999 117 159 9999 9999 122 137 64 9999 9999
9999 148 118 72 120 171 196 69 70 56 153 71 80 73 9999 44
9999 3 56 141 84 9999 81 9999 184 173 101 111 160 9999 96 87
197 93 9999 75 196 197 57 166 39 94 9999 18 178 82 108 159
152 145 74 9999 23 111 89 9999 180 9999 19 34 9999 82 174 10

7 16
79 46 14 112 11 56 91
183 133 175 60 113 138 190 117 156 34 180 198 116 161 184 86
19 131 9999 29 129 26 68 133 194 115 9999 9999 9999 9999 9999 9999
9999 156 127 193 9999 9999 9999 46 4 9999 9999 41 68 86 9999 38
9999 9999 1 141 16 55 94 138 9999 133 34 24 9999 9999 169 9999
18 186 9999 9999 13 9999 8 132 9999 82 9999 62 9999 132 155 9999
103 171 9999 61 50 181 10 32 120 120 185 9999 27 146 187 65
9999 158 96 46 9999 125 9999 9999 158 9999 136 93 90 193 174 39
191 9999 115 173 9999 9999 9999 137 25 1 136 102 199 92 140 75

7 16
128 7 156 82 155 176 10
171 117 104 51 166 165 104 180 14 104 144 7 88 11 190 86
9999 9999 9999 9999 131 9999 9999 31 199 13 9999 145 66 9999 9999 9999
149 9999 86 158 9999 35 91 9999 9999 9999 139 9999 9999 9999 9999 77
9999 9999 9999 9999 9999 70 9999 18 164 83 124 144 50 95 9999 88
53 69 192 82 193 191 75 9999 71 5 9999 9999 9999 4 172 22
9999 127 125 172 171 9999 195 187 9999 78 134 172 9999 47 149 9999
176 30 57 25 9999 107 21 69 32 182 151 187 43 135 136 189
163 42 190 182 167 135 21 38 192 44 122 36 50 9999 17 63

7 16
186 135 98 56 131 37 130
113 148 147 111 116 52 67 39 105 93 118 108 121 178 154 181
9999 9999 52 9999 67 9999 84 178 9999 9999 9999 111 109 136 177 120
192 104 9999 59 65 38 187 9999 21 20 9999 9999 176 9999 107 9999
9999 133 151 9999 20 9999 183 139 151 107 72 9999 9999 9999 9999 46
177 9999 127 57 9999 97 9999 9999 50 43 158 70 71 9999 9999 157
118 81 30 63 56 83 9999 106 59 128 160 42 53 173 9999 9999
45 90 9999 60 29 66 10 9999 107 197 110 53 163 107 113 122
45 133 32 37 103 165 9999 108 9999 9999 9999 183 9999 13 176 177

7 16
114 177 36 39 70 57 14
73 186 44 159 50 61 25 120 17 195 106 133 151 94 121 80
9999 87 52 52 109 9999 184 9999 9999 141 9999 72 9999 86 9999 157
170 56 49 9999 9999 9999 9999 9999 29 9999 64 27 9999 125 9999 108
9999 157 21 73 148 178 9999 171 103 9999 36 9999 44 48 153 14
107 197 172 9999 115 9999 187 5 19 9999 137 9999 102 129 135 9999
168 9999 9999 9 63 26 9999 72 9999 10 127 73 69 9999 9999 9999
9999 169 131 88 174 30 107 93 133 78 9999 137 188 31 137 95
119 105 170 195 22 54 158 136 135 136 192 181 121 9999 140 116

7 16
125 113 83 174 97 98 53
44 52 83 87 110 167 31 152 81 28 11 38 57 168 16 54
34 95 9999 173 138 9999 11 9999 9999 9999 186 117 9999 9999 9999 9999
9999 9999 9999 24 9999 104 1 9999 138 9999 9999 9999 9999 9999 9999 9999
9999 120 143 163 17 9999 9999 167 9999 17 184 9999 48 39 194 9999
111 189 57 48 6 26 9999 171 52 9999 9999 9999 9999 9999 9999 22
151 9999 9999 132 101 182 86 10 41 143 9999 168 198 159 128 121
169 18 130 9999 156 168 9 151 148 150 193 119 138 134 11 185
195 32 187 9999 153 9999 156 9999 138 23 82 50 49 106 69 193

7 16
57 156 158 58 52 28 91
130 22 7 62 49 188 77 163 175 183 85 25 82 69 92 75
184 9999 62 9999 197 112 9999 57 9999 87 187 65 85 170 82 121
9999 9999 146 9999 9999 170 172 9999 25 119 9999 46 173 123 9999 9999
101 154 171 40 106 141 63 9999 55 114 142 9999 9999 9999 107 9999
17 139 42 75 9999 88 9999 150 9999 9999 9999 167 190 73 59 22
40 112 7 9999 9999 9999 9999 85 175 43 137 145 11 182 21 9999
9999 126 119 97 53 151 43 114 62 9999 166 57 122 106 186 194
9999 54 63 138 73 9999 42 115 112 103 9 102 9999 9999 9999 108

7 16
137 101 194 193 85 113 64
149 93 43 11 160 117 186 181 150 50 72 43 115 175 25 117
128 9999 74 69 9999 98 9999 9999 9999 140 9999 165 94 113 91 138
13 199 140 124 9999 102 9999 94 9999 9999 9999 9999 60 9999 19 100
9999 196 78 168 147 9999 78 9999 9999 92 77 9999 84 194 9999 9999
165 157 9999 9999 9999 132 3 146 154 161 9999 37 9999 98 107 9999
9999 9999 195 9999 41 9999 37 83 195 121 118 184 142 9999 120 35
167 150 83 27 125 117 80 155 184 9999 194 9999 9999 19 9999 149
172 37 9999 165 148 107 81 178 41 111 26 182 23 54 78 121

7 16
4 40 112 108 199 33 86
146 20 105 93 103 11 120 189 153 72 186 59 8 80 105 23
9999 81 144 9999 9999 9999 9999 125 9999 9999 172 163 9999 80 9999 9999
122 9999 9999 162 173 44 149 181 9999 9999 9999 9999 106 9999 9999 15
175 132 192 89 57 87 9999 92 99 13 136 9999 9999 4 55 85
182 142 135 75 9999 127 199 177 6 151 9999 9999 24 9999 86 137
9999 9999 9999 85 181 120 94 116 88 9999 9 8 53 134 144 9999
177 165 164 36 35 16 151 102 181 193 127 70 182 123 150 77
11 67 140 110 9999 9999 198 9999 72 111 29 65 187 9999 9999 5

7 16
136 151 197 44 141 173 138
94 85 175 81 124 188 98 37 40 24 182 129 96 148 28 150
9999 9999 9999 9999 9999 9999 182 9999 193 9999 9999 9999 9999 9999 9999 9999
9999 177 2 131 9999 165 9999 15 9999 9999 9999 9999 65 9999 9999 107
28 50 9999 146 195 124 94 9999 97 9999 77 55 179 164 9999 9999
171 9999 185 9999 39 5 9999 9999 9999 44 195 152 9999 14 87 53
13 89 74 48 172 9999 131 173 81 46 92 96 9999 9999 108 9999
69 85 171 135 70 80 27 33 28 26 52 162 2 80 181 105
9 142 172 167 116 107 122 24 9999 109 83 88 158 150 49 21

7 16
183 62 24 161 124 100 181
189 47 104 75 90 101 154 132 141 6 109 142 161 199 184 105
113 197 92 8 9999 173 77 3 9999 19 70 115 69 9999 9999 188
9999 9999 9999 9999 178 9999 9999 9999 120 9999 114 9999 186 9999 184 9999
197 92 80 56 56 172 154 18 62 9999 196 61 177 80 70 123
197 48 128 45 109 195 85 126 141 55 9999 192 9999 9999 9999 9999
75 60 191 119 126 29 194 9999 9999 9999 12 9999 198 108 111 156
9999 145 181 42 9999 9999 171 165 12 100 43 9999 39 166 130 120
9999 9999 111 182 155 140 9999 9999 144 142 198 3 9999 43 9999 166

7 16
165 159 184 68 197 79 72
113 134 132 178 74 7 18 96 26 93 140 195 13 192 145 182
9999 9999 9999 42 130 9999 9999 146 38 9999 9999 9999 135 194 9999 9999
123 199 149 9999 9999 104 94 9999 9999 101 18 172 131 49 43 45
141 144 178 9999 156 151 143 180 9999 73 93 35 9999 132 9999 9999
158 137 53 13 176 123 137 119 9999 9999 156 41 136 9999 65 26
9999 4 167 30 9999 116 9 93 48 93 130 16 9999 19 9999 9999
27 150 9999 9999 190 75 9999 4 2 78 155 9999 194 11 61 148
37 9999 9999 35 37 130 26 9999 11 64 9999 156 66 9999 149 129

7 16
59 31 112 194 109 192 134
47 189 77 41 119 117 74 19 143 121 46 110 152 147 167 65
9999 45 9999 165 158 191 9999 9999 159 9999 9999 9999 179 186 48 9999
9999 58 5 9999 9999 9999 178 101 9999 67 96 9999 9999 185 9999 9999
164 94 104 41 45 9999 183 9999 184 9999 9999 20 142 37 9999 87
9999 144 185 9999 78 109 99 9999 9999 124 9999 103 22 9999 19 9999
35 9999 38 23 9999 37 140 193 31 154 58 164 45 169 178 80
173 9999 9999 5 157 119 169 134 190 9999 113 170 9999 9999 101 97
115 112 55 89 9999 116 9999 132 57 171 90 195 33 145 9999 137

7 16
129 50 122 100 38 96 114
121 22 56 111 23 48 185 159 34 189 161 52 157 180 31 109
9999 130 62 9999 157 9999 9999 9999 9999 9999 9999 2 7 9999 9999 154
151 187 44 9999 127 185 9999 151 21 9999 110 111 9999 172 9999 9999
9999 19 4 53 9999 9999 3 124 176 71 53 9999 120 9999 20 9999
128 9999 41 77 43 171 117 139 168 106 4 9999 9999 104 145 78
104 146 116 167 25 89 156 148 9999 71 9999 147 161 20 9999 182
109 51 9999 141 9999 99 40 142 91 42 147 45 137 80 72 9999
9999 86 88 9999 155 116 144 9999 40 69 64 9999 41 159 148 109

7 16
3 7 161 96 87 85 194
131 51 196 84 169 15 34 194 97 7 37 155 147 63 155 142
9999 9999 9999 9999 9999 9999 9999 9999 128 9999 9999 9999 9999 9999 188 9999
9999 75 66 68 9999 52 70 138 9999 195 9999 78 112 160 9999 9999
14 54 63 76 9 164 9999 86 191 9999 176 73 151 9999 153 59
11 45 72 117 61 9999 27 34 90 72 95 9999 9999 67 9999 152
38 34 82 71 71 50 36 9999 36 75 160 150 9999 9999 9999 176
46 72 28 88 64 175 9999 1 9999 33 9999 44 45 138 83 151
9999 148 9999 9999 9999 95 102 61 9999 9999 161 6 59 9 17 9999

7 16
114 70 12 170 107 40 74
99 41 136 21 138 191 105 43 97 171 99 165 39 199 119 177
9999 155 9999 9999 93 9999 9999 9999 9999 68 88 120 9999 9999 9999 9999
9999 9999 9999 22 9999 9999 168 48 61 147 37 9999 9999 120 76 112
11 9999 183 137 146 9999 122 9999 89 9999 9999 156 9999 60 106 115
93 54 97 9999 9999 5 121 190 9999 141 137 9999 56 77 193 88
164 59 182 192 141 124 9999 9999 109 149 99 66 110 57 9999 9999
67 137 65 3 187 169 86 122 83 156 9999 11 101 9999 199 9999
189 26 162 61 32 98 114 11 90 153 174 9999 152 9999 9999 13

7 16
114 106 115 37 94 44 23
117 189 60 144 171 153 57 193 121 105 11 47 130 135 91 94
9999 9999 9999 9999 9999 72 9999 9999 126 16 146 95 9999 9999 57 9999
146 134 54 9999 9999 9999 40 9999 9999 125 132 49 130 9999 32 7
9999 9999 149 9999 9999 179 68 60 143 35 9999 47 154 9999 9999 46
41 11 184 17 55 9999 9999 107 9999 9999 9999 9999 56 64 121 9999
135 181 86 172 35 116 114 33 99 186 78 9999 9999 15 38 32
55 52 175 47 34 185 54 9999 101 99 19 199 64 195 158 187
92 93 150 155 173 166 109 81 140 7 127 28 199 82 9999 137

7 16
100 171 125 158 73 167 100
24 140 48 110 10 151 4 156 48 10 196 153 126 34 41 139
9999 10 83 9999 191 9999 9999 9999 9999 9999 76 9999 79 9999 9999 9999
47 9999 9999 109 68 9999 9999 12 142 129 16 9999 9999 89 81 9999
166 103 177 195 9999 9999 115 9999 141 199 45 6 192 122 9999 75
96 196 53 2 57 171 181 80 9999 76 92 50 29 9999 9999 93
39 169 151 116 173 55 194 114 76 182 123 71 9999 15 38 6
9999 9999 116 24 32 176 72 122 9999 9999 74 9999 144 9999 144 70
61 15 106 158 9999 45 145 102 197 9999 9999 118 9999 197 67 175

7 16
72 114 126 128 9 7 162
111 127 160 120 97 4 139 27 106 161 192 129 197 71 137 89
138 107 9999 167 9999 9999 9999 9999 110 9999 9 23 42 18 9999 9999
81 9999 9999 117 18 9999 27 56 9999 49 120 9999 56 9999 9999 9999
10 1 132 9999 173 22 9999 36 9999 31 40 18 9999 60 37 41
9999 9999 4 9999 128 9999 10 9999 116 109 5 9999 9999 195 84 6
35 9999 178 157 44 14 32 9999 3 186 9999 146 90 9999 78 169
9999 90 164 114 9999 122 9999 115 85 96 9999 150 41 102 54 168
89 71 48 176 9999 95 190 58 11 121 134 9999 145 94 46 161

7 16
149 9 14 197 99 112 14
162 194 30 112 22 186 115 151 129 180 27 90 152 94 141 35
9999 26 9999 9999 147 171 170 9999 42 9999 9999 103 149 9999 9999 159
150 9999 9999 9999 9999 149 9999 9999 13 9999 9999 9999 49 83 9999 192
9999 9999 66 9999 157 194 9999 55 165 151 9999 9999 9999 9999 167 9999
9999 62 178 1 153 140 157 78 181 140 82 168 9999 68 191 83
124 107 154 100 45 81 162 30 186 98 70 9999 192 81 192 9999
6 57 99 142 72 9999 196 100 9999 147 182 40 7 9999 174 198
33 178 84 96 9999 195 142 52 78 55 173 179 149 123 86 170

7 16
62 37 107 14 174 3 172
16 125 152 114 164 45 45 21 161 198 170 86 73 23 111 15
9999 9999 9999 16 9999 9999 9999 9999 9999 178 9999 55 9999 9999 9999 151
9999 47 9999 9999 53 173 9999 128 9999 9999 9999 9999 121 9999 9999 9999
185 9999 9999 188 199 173 42 9999 158 13 9999 173 182 30 104 9999
150 9999 153 9999 9999 9999 9999 171 22 9999 161 45 83 9999 9999 141
174 175 96 21 37 122 168 150 9999 31 115 9999 86 31 116 9999
9999 180 24 25 9999 71 11 107 44 122 159 9999 83 194 122 138
61 188 59 26 153 58 3 9999 170 117 151 171 13 5 162 176

7 16
106 8 112 164 58 77 29
96 197 14 176 14 189 108 40 19 51 70 34 118 12 31 94
9999 27 9999 9999 7 108 9999 9999 9999 122 147 59 196 9999 9999 199
9999 78 75 53 9999 9999 39 23 9999 9999 9999 9999 39 141 65 149
112 9999 104 20 60 28 50 9999 17 85 9999 109 9999 139 9999 185
11 49 106 7 196 9999 138 84 58 171 34 85 9 86 71 92
166 18 9999 9999 9999 171 9999 9999 9999 9999 110 167 179 130 9999 9999
9999 9999 45 123 105 9999 71 147 198 187 68 9 68 191 177 102
143 78 49 57 125 99 144 90 112 9999 101 112 109 60 22 9999

7 16
68 125 106 32 178 84 193
122 136 82 66 137 11 18 17 90 71 53 191 160 21 107 147
35 9999 9999 9999 17 59 9999 14 9999 53 32 9999 137 9999 183 9999
9999 103 87 9999 9999 3 74 9999 9999 48 9999 130 9999 9999 141 9999
9999 3 133 9999 15 9999 9999 9999 9999 9999 125 9999 9999 172 9999 174
147 18 36 37 145 9999 1 161 117 9999 85 149 40 19 7 107
9999 9999 179 195 186 30 158 82 92 41 135 9999 23 176 60 94
145 9999 178 2 9999 8 126 113 129 135 96 78 181 160 74 96
181 127 9999 63 183 192 9999 180 7 185 11 95 9999 141 50 21

7 16
101 124 57 187 146 97 58
175 145 34 197 139 51 160 170 68 123 46 13 56 185 191 182
9999 9999 112 98 9999 9999 9999 106 9999 9999 45 159 9999 9999 9999 9999
9999 102 9999 9999 153 9999 166 9999 9999 38 81 44 107 9999 9999 96
93 9999 108 89 9999 9999 9999 9999 59 9999 9999 9999 33 112 107 9999
96 31 9999 1 153 90 9999 4 57 100 9999 99 158 9999 46 31
120 106 127 9999 194 155 143 8 161 49 9999 64 18 28 75 136
187 9999 9999 7 4 129 109 9999 9999 9999 199 60 58 185 124 171
156 21 27 126 47 18 33 31 36 89 165 9999 9999 117 30 113

7 16
40 91 83 108 125 83 79
103 98 104 55 44 6 75 199 109 13 178 107 80 61 170 155
9999 20 183 99 9999 43 14 9999 9999 145 9999 2 9999 166 9999 9999
195 90 196 142 15 9999 118 9999 9999 141 185 9999 127 107 88 9999
9999 111 9999 167 199 7 168 144 114 138 9999 9999 9999 9999 57 25
159 26 9999 67 100 95 9999 61 118 153 92 192 99 106 9999 154
108 9999 150 9999 19 98 30 42 9999 9999 9999 86 57 9999 198 105
180 70 119 9999 117 172 185 104 89 44 64 14 102 176 9999 129
46 90 167 139 53 9999 187 27 1 98 139 130 132 62 190 147

7 16
196 35 163 133 181 20 192
184 56 8 7 121 16 129 157 27 38 39 193 111 101 73 127
20 9999 132 9999 9999 9999 9999 9999 157 134 9999 9999 9999 152 122 4
9999 38 9999 127 115 189 156 112 147 6 9999 160 90 107 9999 107
9999 9999 180 9999 9999 73 56 11 73 97 156 9999 9999 9999 5 27
48 166 9999 46 14 9999 9999 9999 9999 9999 51 189 93 142 127 9999
174 122 9999 137 153 169 51 16 9999 182 148 66 9999 191 81 9999
9999 9999 35 98 118 9999 9999 9999 63 9999 37 158 17 9999 10 4
59 122 72 129 106 164 102 192 136 93 4 146 141 50 182 69

7 16
104 169 191 10 93 179 131
88 154 185 169 165 133 188 84 139 73 112 76 36 165 23 63
9999 9999 63 81 9999 9999 9999 9999 166 9999 9999 182 9999 9999 9999 134
97 162 1 34 9999 116 177 9999 9999 9999 161 45 188 176 9999 78
41 9999 9999 160 119 33 9999 195 9999 61 43 49 9999 9999 9999 118
70 26 72 9999 65 9999 170 147 197 9999 161 119 69 6 163 183
198 9999 5 86 105 9999 32 151 9999 5 150 9999 54 87 30 9999
9999 87 9999 9999 14 85 30 109 167 150 75 9999 138 9999 28 132
33 118 180 179 9999 63 79 71 114 148 9999 22 71 11 94 50

7 16
173 33 24 198 183 171 177
128 163 140 21 81 90 50 71 24 117 133 77 34 141 13 46
136 9999 9999 9999 64 9999 9999 9999 9999 9999 9999 165 9999 9999 82 9999
9999 115 9999 52 198 9999 4 175 9999 24 190 9999 9999 9999 9999 187
9999 149 116 9999 24 177 53 182 77 63 35 58 64 127 185 9999
183 9999 9999 90 9999 18 96 57 191 9999 9999 103 142 9999 82 9999
199 94 197 189 89 9999 9999 9999 4 69 42 9999 24 110 82 128
161 9999 180 113 96 27 192 41 22 9999 64 19 168 110 9999 81
121 182 8 9999 169 186 192 9999 79 57 195 109 9999 78 88 45

7 16
121 103 110 101 123 97 183
86 39 66 59 46 127 147 93 59 106 67 176 81 58 40 46
9999 26 9999 9999 9999 9999 9999 114 136 53 9999 197 9999 9999 9999 9999
9999 9999 156 9999 23 9999 9999 113 134 89 9999 9999 9999 49 41 99
2 156 81 9999 9999 179 151 28 9999 140 146 9999 141 1 158 9999
152 188 9999 147 133 9999 131 169 9999 13 147 67 9999 188 126 148
51 156 9999 145 42 40 100 149 103 9999 45 143 31 165 124 60
9999 9999 3 1 9999 31 187 9999 124 9999 189 9999 143 169 9999 74
173 35 27 67 160 141 9999 110 9999 124 82 56 95 177 4 3

7 16
171 103 143 34 164 43 191
16 123 64 44 4 49 125 117 36 97 41 11 131 50 32 21
9 177 9999 9999 9999 20 9999 95 143 110 162 9999 9999 9999 9999 9999
165 9999 132 146 42 9999 87 9999 44 92 9999 9999 43 22 9999 110
9999 7 48 44 9999 127 9999 59 68 9999 168 5 79 45 140 49
9999 186 146 138 1 150 25 198 9999 9999 9999 9999 109 9999 80 49
15 131 70 69 79 9999 136 22 8 87 160 88 120 192 63 88
102 4 34 143 140 9999 179 71 130 132 63 8 9999 102 15 28
9999 119 9999 9999 99 49 9999 115 9999 9999 46 61 46 9999 148 9999

7 16
150 182 10 155 71 84 69
124 70 66 5 138 178 155 81 9 135 87 24 18 64 180 154
119 9999 173 9999 9999 9999 9999 9999 9999 9999 9999 9999 9999 9999 49 9999
73 9999 9999 9999 159 198 31 76 196 172 9999 9999 196 9999 3 9999
63 121 86 171 9999 5 188 9999 180 9999 48 12 9999 181 173 57
9999 81 34 30 184 9999 170 69 133 9999 9999 9999 53 155 126 125
173 17 9999 144 9999 48 9999 92 9999 90 20 74 163 192 9999 129
9999 125 50 9 98 9999 188 85 81 160 188 36 9999 53 9999 69
16 9999 32 96 44 32 129 90 184 147 181 192 153 89 6 99

7 16
6 95 192 100 85 33 20
123 7 34 138 34 81 58 156 47 2 6 119 48 89 49 181
9999 26 90 9999 136 9999 9 167 191 89 9999 164 106 9999 9999 9999
52 89 47 9999 77 9999 9999 176 9999 63 9999 9999 9999 75 9999 9999
151 114 33 83 158 3 47 175 111 141 197 73 186 9999 90 191
4 9999 9999 36 157 9999 9999 144 146 167 119 9999 9999 149 171 34
9999 9999 1 9999 170 7 199 31 63 9999 39 131 9999 9999 195 67
169 30 9999 65 9999 106 157 9999 118 17 47 64 196 146 16 32
9999 71 49 134 48 140 85 9999 9999 9999 1 37 84 7 80 20

7 16
152 191 169 149 186 155 58
131 68 47 41 125 70 146 68 153 10 121 25 100 166 40 11
9999 9999 9999 9999 9999 9999 9999 9999 170 9999 111 9999 166 9999 170 45
9999 9999 151 158 166 125 114 9999 9999 35 9999 196 9999 171 9999 9999
109 73 151 9999 19 69 181 197 9999 123 166 33 120 56 51 9999
9999 67 189 49 23 9999 167 65 154 9999 49 22 93 9999 135 9999
121 177 9999 61 104 9999 55 116 21 9999 97 9999 177 9999 87 185
10 104 63 120 9999 83 9999 175 188 106 161 9999 9999 76 9999 126
14 199 86 45 94 197 31 9999 9999 46 23 116 182 66 9999 52

7 16
159 178 56 42 139 169 156
35 103 188 45 25 51 117 28 108 86 28 29 151 118 133 187
2 9999 9999 9999 9999 9999 9999 9999 9999 11 9999 153 80 9999 27 184
9999 9999 9999 74 59 190 9999 9999 41 9999 28 9999 9999 9999 9999 9999
9999 83 164 74 26 9999 167 9999 163 9999 189 98 20 75 29 60
9999 16 59 172 143 102 120 102 9999 9999 2 194 9999 150 79 192
63 68 9999 45 9999 9999 161 45 63 4 9999 9999 9999 49 171 9999
175 191 146 163 79 149 44 97 9999 173 169 9999 117 75 9999 98
157 184 57 98 120 50 147 124 175 16 84 98 167 78 99 121

7 16
25 80 106 41 90 183 178
189 181 157 99 27 52 25 116 34 173 125 73 4 65 133 26
31 194 9999 149 157 75 9999 9999 9999 9999 19 129 9999 9999 9999 140
9999 9999 16 9999 124 9999 188 34 49 25 9999 12 9999 15 9999 140
9999 9999 160 9999 9999 23 9999 9999 21 156 16 24 61 1 59 21
148 9999 9999 176 9999 83 9999 38 97 9999 9999 9999 9999 186 136 22
9 107 49 37 112 55 2 195 2 77 33 9999 15 76 185 9999
40 37 173 20 51 66 175 9999 76 53 17 71 51 26 59 9999
16 72 92 9999 7 9999 2 63 97 9999 122 107 95 9999 57 140

7 16
188 104 190 37 181 90 61
94 152 162 5 41 48 57 106 4 172 25 44 123 55 141 154
9999 109 29 9999 197 9999 9999 79 9999 17 9999 137 144 112 56 39
45 72 52 9999 9999 19 9999 67 193 9999 69 9999 9999 9999 190 33
181 9999 9999 16 9999 165 164 9999 120 15 133 158 60 132 9999 9999
9999 9999 9999 9999 75 159 192 9999 154 145 153 9999 81 9999 9999 9999
182 133 152 179 137 94 56 71 9999 66 9999 9999 183 136 97 54
100 165 9999 88 178 9999 83 9999 175 134 9999 184 9 143 9999 48
69 134 85 36 139 9999 94 157 138 196 55 114 9999 134 87 8

7 16
147 125 121 94 195 49 92
60 79 81 26 42 120 86 19 10 94 7 180 198 193 5 190
9999 9999 9999 9999 9999 186 9999 87 9999 133 9999 9999 9999 9999 87 9999
9999 57 63 135 9999 9999 9999 99 117 138 9999 9999 9999 9999 71 69
174 9999 110 9999 27 98 53 181 110 9999 9999 9999 70 29 9999 9999
122 9999 9999 1 73 188 124 112 118 160 178 169 9999 160 9999 77
104 40 178 185 63 9999 11 9999 70 195 199 163 121 92 39 170
124 182 17 125 155 124 129 17 9999 2 113 129 71 164 59 44
148 67 36 39 146 172 71 9999 9999 30 171 47 80 46 132 9999

7 16
175 15 199 43 43 167 75
103 119 183 177 187 129 9 88 75 62 161 185 86 193 68 103
9999 9999 73 9999 9999 56 9999 9999 9999 9999 32 9999 11 110 9999 9999
30 9999 145 130 9999 58 9999 12 9999 140 9999 109 9999 9999 9999 137
57 9999 9999 146 196 9999 6 9999 182 9999 9999 9999 118 9999 9999 170
130 116 9999 71 185 191 55 142 126 182 3 172 9999 103 166 155
23 192 18 58 125 101 125 41 1 5 49 137 42 163 163 23
9999 76 45 9999 114 9999 53 151 107 9999 92 9999 9999 158 82 9999
174 17 121 32 190 9999 56 132 155 79 166 116 76 9999 119 188

7 16
42 145 4 70 114 47 41
69 152 60 139 46 30 159 30 162 25 94 111 91 59 117 14
9999 73 9999 8 9999 9999 9999 168 9999 9999 9999 9999 9999 47 26 40
9999 4 154 117 144 9999 60 9999 9999 182 15 148 9999 9999 9999 84
130 35 9999 9999 181 134 9999 173 75 41 9999 113 9999 29 134 23
133 71 95 2 68 179 60 9999 168 9999 20 15 102 166 9999 76
171 9999 25 177 9999 66 179 9999 102 62 8 9999 165 9999 22 9999
74 174 41 195 18 9999 183 6 192 89 9999 30 119 55 13 9999
28 65 185 107 96 97 122 127 9999 37 81 9999 162 9999 32 19

7 16
165 83 85 118 173 111 124
125 84 114 41 34 14 73 44 192 3 48 128 23 186 14 33
9999 9999 119 9999 92 9999 9999 9999 9999 9999 9999 9999 9999 9999 9999 9999
34 9999 9999 9999 9999 159 9999 9999 9999 9999 40 175 9999 120 47 9999
9999 9999 40 132 9999 164 81 158 144 197 9999 71 9999 9999 9999 74
51 152 129 107 129 107 13 9999 78 9999 141 194 49 199 86 110
66 163 114 151 85 9999 142 56 48 167 133 1 118 159 22 40
95 175 123 189 17 35 181 47 198 96 9999 62 140 137 96 9999
62 71 9999 97 24 9999 42 45 68 128 157 9999 176 33 25 101

7 16
86 19 157 100 27 159 13
160 169 76 29 51 133 40 81 136 54 111 161 174 154 182 105
9999 141 9999 61 9999 9999 9999 145 9999 9999 194 9999 9999 93 9999 9999
9999 197 9999 49 93 9999 9999 9999 9999 9999 191 9999 39 197 9999 38
181 64 129 188 137 114 91 51 174 117 9999 44 9999 9999 23 9999
34 88 9 9999 18 9999 2 191 182 147 74 3 86 158 110 126
55 9999 182 135 9999 114 9999 80 91 9999 100 63 9999 73 6 30
132 9999 27 9999 107 169 196 43 38 89 9999 9999 190 127 149 81
135 141 50 10 160 79 56 77 118 172 66 155 3 87 79 9999

7 16
26 198 147 195 4 89 101
198 85 131 63 155 139 82 131 161 120 106 62 17 196 68 118
9999 9999 9999 9999 26 64 9999 109 9999 9999 5 173 120 9999 199 9999
187 9999 8 139 167 9999 190 167 9999 9999 9999 34 9999 151 23 138
9999 2 29 9999 172 9999 9999 9999 9 25 169 9999 9999 87 9999 9999
1 81 113 147 9999 198 53 9999 124 173 137 103 102 135 9999 9999
1 141 9999 9999 82 4 9999 9999 53 62 65 20 168 131 135 161
175 172 118 135 9999 9999 24 135 183 58 9999 153 77 105 76 46
129 9999 93 109 168 34 23 58 110 136 87 152 38 14 131 149

7 16
36 95 198 96 91 195 176
28 175 195 169 60 89 17 49 15 57 1 170 178 119 191 75
9999 9999 148 179 178 9999 156 9999 139 9999 132 9999 9999 9999 9999 73
139 146 9999 9999 114 109 58 7 9999 96 75 9999 79 9999 32 9999
9999 50 82 68 11 9999 139 179 9999 67 9999 196 32 53 184 108
9 9999 63 115 9999 9999 9999 9999 139 123 158 165 31 9999 166 9999
74 53 175 9999 123 27 14 6 88 9999 79 47 113 16 64 187
157 115 58 9999 9999 107 162 9999 44 65 9999 143 39 123 9999 113
53 2 9999 53 63 197 194 163 42 9999 160 69 161 138 70 44

7 16
128 130 78 82 154 123 198
90 52 176 94 102 15 156 140 78 148 194 180 126 17 106 107
159 9999 9999 9999 9999 196 9999 9999 9999 9999 9999 9999 134 9999 33 118
15 9999 133 29 162 148 34 9999 94 119 198 75 9999 9999 9999 161
9999 9999 120 9999 98 9999 117 9999 9999 126 28 70 80 152 9999 9999
118 54 127 9999 184 9999 123 43 59 9999 9999 141 192 132 120 9999
95 21 9999 42 9999 112 186 130 61 19 76 90 129 109 9999 9999
9999 136 159 93 199 9999 98 115 13 116 9999 32 9999 88 128 164
8 75 9999 162 178 32 144 165 152 60 126 9999 30 8 170 169

7 16
127 195 187 98 165 4 99
127 13 61 193 187 95 89 187 127 197 121 74 193 173 136 51
9999 9999 46 183 9999 44 9999 58 9999 194 156 9999 9999 21 150 102
142 197 9999 9999 9999 9999 9999 31 197 9999 9999 9999 9999 112 9999 9999
167 171 9999 114 160 25 135 9999 9999 9999 15 38 9999 9999 9999 9999
9999 133 155 9999 71 9999 187 51 139 45 163 37 153 194 9999 152
36 9999 19 13 41 1 183 141 9999 9999 9999 161 56 9999 48 105
153 9999 21 137 19 116 9999 33 60 2 135 66 12 162 5 167
9999 14 109 51 125 28 193 188 143 135 166 171 74 47 42 67

7 16
97 107 95 197 192 190 90
126 78 138 48 99 59 105 122 45 37 15 67 180 174 90 65
40 9999 9999 9999 189 9999 101 9999 9999 9999 9999 9999 9999 9999 9999 9999
44 167 97 9999 9999 9999 9999 29 198 9999 30 9999 175 9 171 138
9999 73 195 182 57 112 9999 101 8 4 197 9999 65 7 143 9999
123 48 26 9999 9999 122 115 43 105 87 121 156 9999 111 90 9999
9999 164 9999 52 9999 154 9999 32 101 9999 155 141 167 78 94 127
110 9999 9999 86 132 28 27 9999 111 61 9999 9 64 155 198 132
83 83 61 198 20 11 46 141 10 48 138 36 71 9999 9999 67

7 16
1 133 8 155 70 138 91
150 66 20 100 35 18 112 173 40 74 39 135 175 156 53 132
9999 9999 9999 181 9999 9999 9999 141 9999 33 8 9999 9999 9999 9999 68
27 9 9999 121 33 9999 9999 9999 9999 9999 13 142 9999 9999 197 133
29 68 9999 9999 9999 170 28 9999 164 40 7 144 43 150 190 177
149 9999 76 59 175 8 123 179 121 9999 106 9999 68 51 9999 198
18 161 195 108 194 172 146 98 139 9999 9999 24 47 9999 158 36
56 111 81 9999 148 28 9999 9999 118 109 9999 154 80 117 153 9999
107 125 33 10 9999 9999 151 179 74 21 171 108 130 79 135 194

7 16
48 157 78 89 140 42 84
11 34 86 63 29 40 131 35 100 188 8 79 161 199 10 138
9999 161 9999 9999 59 198 9999 44 122 172 9999 9999 107 79 9999 79
9999 9999 43 9999 74 96 9999 129 9999 9999 11 124 22 9999 183 8
138 9999 189 66 26 9999 155 9999 146 9999 9999 125 9999 120 174 9999
175 197 83 178 9999 9 25 77 119 77 132 81 34 13 114 150
76 9999 91 139 9999 126 18 5 9999 9999 160 9999 174 145 131 9999
132 49 24 9999 64 9999 106 9999 120 178 129 9999 9999 149 116 91
9999 24 7 67 87 95 87 173 167 138 185 100 18 9999 26 6

7 16
167 8 58 126 180 80 19
115 146 45 59 58 176 129 79 116 58 75 121 75 115 121 42
9999 9999 3 9999 86 9999 193 54 9999 9999 159 9999 9999 9999 9999 9999
9999 115 191 112 9999 102 123 12 29 180 9999 9999 9999 21 9999 165
57 9999 135 198 61 62 14 133 186 102 30 157 162 138 112 9999
88 100 9999 27 32 9999 31 24 9999 9 9999 9999 25 9999 181 129
9999 74 43 9999 148 93 9999 16 162 9999 9999 90 158 23 110 172
155 59 9999 39 192 9999 118 9999 9999 62 148 99 143 20 127 84
163 193 197 27 9999 178 9999 184 179 120 137 20 180 18 85 9999

7 16
127 132 93 110 149 13 130
111 23 188 136 38 133 60 174 130 45 41 156 128 31 107 80
9999 9999 9999 9999 9999 193 9999 35 9999 123 9999 9999 9999 189 9999 173
9999 9999 9999 102 104 143 129 130 16 9999 1 9999 104 9999 9999 9999
30 52 60 9999 9999 124 9999 101 101 9999 33 108 97 197 157 9999
125 6 77 63 9999 9999 167 186 9999 158 9999 22 150 9999 142 146
9999 34 78 82 47 15 155 9999 95 9999 141 90 9999 39 9999 119
86 63 9999 183 66 102 14 9999 162 120 16 196 41 138 52 9999
100 89 130 127 26 128 87 9999 9999 137 44 69 9999 9999 179 6

7 16
167 122 157 173 181 180 62
128 113 150 10 168 172 22 77 29 97 171 183 93 170 193 194
9999 9999 9999 63 166 9999 40 68 9999 155 93 5 9999 97 26 9999
76 9999 190 9999 199 99 9999 84 9999 9999 9999 138 46 9999 9999 101
9999 160 111 9999 9999 63 9999 9999 9999 9999 131 9999 9999 9999 9999 9999
9999 177 9999 142 82 9999 56 9999 21 95 9999 9999 178 159 9999 114
93 9999 136 150 187 40 124 17 64 63 161 101 95 124 67 9999
2 25 135 125 146 197 184 166 139 181 138 151 161 163 11 164
175 186 9999 167 9999 20 150 77 85 165 135 9999 190 9999 195 169

7 16
74 61 132 184 34 144 3
160 66 55 83 25 82 176 71 157 8 22 109 5 62 190 83
19 105 9999 112 198 9999 9999 9999 9999 9999 9999 9999 9999 9999 9999 9999
9999 9999 115 9999 9999 9999 197 9999 49 174 76 9999 9999 9999 9999 73
118 97 94 9999 178 22 3 31 118 9999 9999 18 157 9999 48 118
9999 127 148 9999 167 90 17 125 122 9999 52 181 69 98 181 173
23 40 127 45 9999 123 27 9999 56 137 9999 37 9999 105 125 118
132 9999 121 3 9999 199 9999 29 9999 148 147 185 47 174 145 110
178 183 94 88 106 133 9999 115 9999 81 139 8 78 196 9999 70

7 16
69 54 102 15 191 103 56
63 156 191 88 141 139 172 117 144 120 85 169 170 191 191 94
173 119 9999 9999 9999 159 9999 9999 9999 9999 9999 9 9999 22 9999 165
9999 9999 9999 184 9999 34 180 9999 86 107 9999 75 9999 62 9999 9999
9999 123 3 140 33 9999 9999 96 86 146 76 9999 26 165 25 153
199 9999 22 94 69 148 26 93 106 9999 87 13 28 51 82 9999
194 96 9999 58 157 169 77 9999 93 144 18 92 60 71 150 170
9999 98 81 147 150 9999 88 164 9999 9999 128 104 9999 9999 44 44
172 1 98 9999 57 65 9999 70 23 1 104 68 71 26 123 148

7 16
50 171 175 103 138 55 35
187 158 194 99 27 72 62 57 109 155 137 189 52 18 98 28
9999 121 9999 118 59 9999 9999 9999 9999 62 122 9999 120 9999 83 9999
139 91 55 9999 65 9999 119 9999 43 157 151 20 172 191 143 105
142 9999 150 45 9999 9999 82 162 131 124 24 68 9999 148 40 87
174 119 12 71 146 112 158 181 9999 9999 163 122 8 9999 84 75
135 9999 145 26 9999 7 145 9999 187 144 151 9999 170 142 9999 62
145 43 9999 9999 9999 38 9999 186 127 166 44 7 9999 19 9999 9999
33 9999 96 52 178 110 9999 1 9999 148 141 150 4 85 9999 19

7 16
107 99 152 74 163 122 97
11 43 55 55 169 36 110 2 14 35 150 111 115 136 110 117
79 171 9999 9999 9999 9999 34 140 9999 23 9999 37 9999 9999 194 72
9999 188 54 52 34 9999 9999 9999 9999 43 9999 190 13 9999 9999 9999
138 45 197 162 7 54 9999 9999 69 9999 136 9999 7 154 9999 68
9999 9999 38 9999 112 40 114 28 112 58 176 9999 9999 56 14 9999
184 9999 23 152 187 147 9999 185 17 48 167 20 50 6 5 9999
146 80 18 171 62 143 22 9999 29 9999 9999 9999 9999 181 191 121
9999 9999 9999 11 139 91 172 156 132 186 140 19 6 71 122 60

7 16
182 11 65 172 28 141 6
14 169 86 169 47 94 99 43 4 55 154 44 113 166 20 142
82 9999 9999 9999 9999 9999 7 9999 9999 9999 9999 9999 29 59 9999 9999
126 9999 152 63 9999 109 160 70 9999 93 36 133 9999 67 5 134
67 9999 79 9999 115 9999 146 82 19 143 127 176 9999 115 9999 51
9999 143 59 53 133 198 9999 9999 9999 140 9999 19 34 9999 153 9999
62 69 56 30 94 94 24 142 187 175 27 9999 57 107 106 50
9999 26 185 88 9999 116 165 2 198 22 179 9999 99 17 88 183
194 60 45 35 77 143 9999 127 60 9999 166 28 181 15 164 9999

7 16
27 101 37 4 106 190 177
85 39 127 29 120 66 21 186 166 169 168 6 83 25 134 44
124 9999 189 9999 53 154 9999 9999 9999 196 9999 117 9999 9999 9999 9999
9999 59 195 163 9999 9999 98 169 9999 9999 9999 179 9999 9999 33 39
33 185 11 49 91 132 169 9999 23 9999 91 9999 61 6 47 38
9999 9999 9999 32 9999 9999 9999 97 113 160 5 9999 160 175 9999 45
145 140 9999 80 41 77 74 65 77 45 9999 61 27 158 36 38
9999 50 160 9999 195 101 116 9999 1 1 53 44 19 22 186 9999
138 175 12 180 9999 9999 185 185 28 156 14 174 84 16 9999 108

7 16
117 174 135 147 46 16 16
167 43 31 100 146 51 182 149 111 186 74 69 95 105 13 189
37 9999 9999 22 192 9999 56 9999 9999 97 146 9999 9999 9999 64 189
40 9999 140 153 9999 1 9999 51 158 164 9999 9999 9999 24 9999 57
9999 135 56 9999 9999 74 163 95 9999 108 48 15 73 76 160 9999
174 115 39 80 116 145 9999 185 95 23 9999 67 125 56 91 9999
108 89 9999 9999 9999 9999 9999 182 164 28 93 31 9999 86 126 64
9999 2 68 9999 192 162 142 9999 152 22 54 192 91 149 9999 39
24 121 150 186 74 171 4 198 132 147 74 20 145 9999 13 86

7 16
168 166 155 121 57 130 28
179 84 80 82 79 37 42 101 97 66 122 51 27 102 49 96
39 44 9999 5 9999 9999 9999 9999 9999 9999 9999 11 9999 121 84 9999
5 9999 9999 153 130 9999 11 9999 53 9999 17 106 9999 46 9999 9999
25 34 89 96 131 139 9999 9999 130 87 9999 128 105 9999 9999 136
9999 60 66 9999 118 9999 9999 35 9999 48 168 9999 122 122 15 61
39 193 88 102 123 85 65 17 87 165 29 9999 9999 9999 9999 36
17 9999 9999 95 39 57 29 96 127 56 9999 127 16 114 101 9999
9999 34 97 9999 81 45 81 114 9999 184 179 9999 102 9999 78 178

7 16
179 4 152 77 61 3 122
174 56 67 190 190 74 7 6 103 71 29 128 132 199 20 194
152 9999 9999 179 7 9999 71 97 68 9999 98 9999 9999 100 9999 9999
9999 9999 143 9999 9999 9999 9999 96 145 98 95 14 9999 9999 9999 176
9999 159 147 57 9999 150 190 117 9999 9999 9999 114 102 9999 187 9999
9999 189 70 118 9 180 9999 9999 11 42 9999 9999 84 63 73 60
194 48 9999 9999 9999 182 9999 10 19 177 188 5 130 102 56 118
8 9999 98 9999 116 5 59 9999 72 3 28 165 147 134 68 33
72 4 9999 91 64 9999 16 115 9999 80 148 78 9999 6 11 184

7 16
185 46 137 167 176 171 147
36 84 97 30 128 164 105 55 152 46 156 158 189 174 40 74
9999 9999 25 145 2 9999 26 83 9999 9999 9999 9999 9999 9999 9999 96
41 9999 160 9999 9999 54 9999 9999 56 47 177 9999 23 105 104 4
9999 15 9999 9 9999 9999 9999 9999 114 178 131 180 9999 116 9999 9999
37 119 9999 9999 120 157 63 9999 50 106 150 90 23 9999 101 21
56 145 67 189 30 145 160 43 61 167 188 142 9999 171 9 39
95 75 82 30 174 137 192 193 185 28 9999 122 185 63 113 9
98 134 19 57 9999 172 75 183 90 155 9999 23 55 187 54 9999

7 16
41 199 188 108 40 97 161
195 96 137 183 117 65 110 118 45 101 138 41 88 132 36 41
9999 9999 9999 2 167 24 186 112 75 63 28 9999 9999 145 18 9999
124 62 60 100 9999 57 9999 9999 32 182 186 28 148 9999 103 9999
58 9999 9999 9999 73 9999 77 163 9 153 9999 9999 88 9999 194 9999
2 17 76 155 128 9999 112 9999 9999 9999 9999 77 7 184 9999 162
9999 133 160 9999 9999 18 9999 42 9999 115 97 96 9999 111 9999 130
172 39 9999 9999 174 114 163 167 43 89 161 57 75 85 178 24
9999 9999 171 3 101 169 125 95 80 9999 9999 9999 149 114 174 168

7 16
9 180 199 47 91 32 88
57 199 125 79 79 99 152 5 31 18 64 160 192 147 33 177
9999 9999 34 9999 9999 9999 17 157 9999 39 9999 91 9999 59 172 198
173 9999 9999 184 169 9999 148 9999 9999 9999 2 9999 163 58 9999 9999
9999 96 18 177 9999 141 9999 9999 192 158 9999 11 9999 65 9999 9999
81 7 9999 23 190 131 9999 60 147 188 9999 55 9999 9999 100 95
187 116 141 9999 159 63 9999 194 115 40 170 66 136 136 51 47
127 131 142 138 81 168 93 96 171 65 43 50 47 9999 28 114
116 133 103 162 115 135 158 65 191 9999 191 9999 26 124 9999 53

7 16
154 15 151 44 124 122 42
125 139 136 27 165 92 88 142 8 182 54 127 177 72 31 68
8 9999 9999 130 146 194 186 9999 9999 9999 9999 78 9999 9999 9999 13
9999 9999 173 9999 9999 9999 9999 9999 5 99 9999 9999 9999 165 9999 21
152 108 150 10 9999 99 140 9999 9999 9999 9999 73 179 112 168 189
188 4 12 58 99 83 107 121 5 9999 188 9999 9999 78 10 123
187 172 118 120 61 167 194 34 3 17 138 9999 54 191 84 9999
9999 184 9999 100 9999 9999 92 51 9999 35 168 171 157 9999 197 192
9999 71 174 9999 178 58 184 6 39 36 139 103 134 98 132 132

7 16
104 49 97 187 155 79 58
99 37 86 180 162 80 25 163 143 150 194 107 100 88 78 168
9999 9999 9999 21 191 162 114 75 9999 104 9999 128 9999 9999 9999 9999
91 18 159 9999 9999 75 9999 9999 9999 9999 126 84 9999 87 9999 155
129 69 155 9999 9999 189 101 9999 9999 188 39 17 144 9999 171 9999
56 9999 158 51 153 5 13 23 98 73 9999 46 76 161 168 10
156 49 173 7 161 15 9999 94 144 9999 9999 9999 113 110 66 149
140 150 140 115 22 9999 9999 66 76 45 21 9999 9999 92 11 145
9999 107 56 56 1 126 93 73 128 199 2 156 73 27 9999 24

7 16
152 13 61 155 60 30 188
29 32 192 7 39 165 6 180 190 187 113 95 44 77 33 11
109 9999 147 74 9999 139 9999 185 89 9999 9999 9999 59 101 9999 9999
117 1 82 9999 9999 9999 58 59 19 9999 9999 192 119 9999 17 9999
9999 9999 32 188 79 15 99 9999 9999 103 146 73 9999 9999 134 16
9999 132 9999 9999 108 9999 3 190 147 34 97 25 27 123 102 21
4 8 158 172 11 144 12 15 114 121 135 70 9999 6 52 166
9999 11 9999 108 9999 115 9999 9999 46 3 156 22 166 87 9999 74
90 9999 57 2 157 164 14 107 150 88 76 159 113 37 180 10

7 16
39 117 94 181 142 172 148
56 86 126 137 160 72 194 102 102 122 128 143 187 85 68 143
151 163 95 9999 9999 25 9999 29 9999 9999 9999 9999 74 176 9999 9999
122 88 9999 180 9999 171 52 9999 186 9999 178 9999 75 53 9999 57
9999 189 9999 9999 147 89 52 34 175 165 62 9999 119 25 134 24
181 9999 69 102 165 9999 9999 23 138 57 9999 182 78 193 91 168
9999 49 52 142 33 6 51 180 43 42 100 70 36 9999 96 106
179 9999 150 9999 36 85 9999 125 141 30 9999 186 9999 9999 192 63
141 177 42 140 190 9999 85 9999 9999 84 136 95 6 115 22 9999

7 16
199 125 20 31 14 80 174
133 15 76 15 19 3 196 27 183 146 58 136 88 71 177 56
109 9999 108 175 195 9999 55 9999 59 140 158 9999 1 9999 9999 131
9999 101 86 9999 125 9999 9999 63 9999 9999 9999 47 9999 91 9999 9999
9999 84 193 191 9999 107 15 9999 58 9999 169 160 20 9999 73 9999
102 9999 117 131 136 86 155 76 149 125 9999 9999 36 154 92 9999
39 160 9999 9 9999 9999 175 82 32 45 66 170 172 163 6 198
79 142 9999 59 153 92 181 164 158 150 25 6 122 55 87 169
2 144 9999 104 89 64 9999 51 9999 9999 9999 9999 169 89 9999 185

7 16
173 195 73 34 181 119 127
142 59 129 73 72 118 6 101 16 54 180 54 31 79 74 138
98 117 24 28 105 9999 9999 9999 9999 194 9999 86 9999 9999 9999 178
9999 9999 9999 114 9999 138 9999 148 157 84 9999 123 9999 161 193 9999
9999 9999 9999 9999 70 177 31 9999 9999 161 126 187 67 128 50 116
56 153 178 198 50 9999 9999 50 189 187 122 9999 108 9999 43 75
132 61 9999 51 101 109 86 153 149 1 9999 9999 9999 22 9999 109
9999 12 22 114 194 179 120 9999 186 76 3 9999 60 24 9999 120
104 76 67 170 9999 179 124 80 9999 9999 13 83 181 128 139 106

7 16
101 181 198 197 135 20 141
127 52 123 179 158 45 1 45 172 18 131 187 148 6 22 42
9999 9999 83 9999 9999 9999 9999 9999 149 9999 9999 84 9999 9999 9999 9999
147 171 1 9999 158 9999 158 30 172 5 9999 9999 9999 9999 164 9999
9999 161 9999 140 63 121 45 9999 9999 9999 12 9999 46 99 63 56
9999 9999 190 18 180 9999 167 9999 122 104 158 138 48 104 9999 120
78 152 160 148 9999 15 31 82 9999 179 166 9999 67 12 137 40
182 9999 9999 73 100 1 156 151 9999 30 186 170 9999 119 65 9999
45 19 9999 6 181 71 9999 66 19 175 42 193 16 9999 141 120

7 16
78 183 146 67 13 156 165
181 30 59 160 48 76 174 127 115 80 121 81 152 123 144 101
9999 9999 57 9999 127 9999 112 9999 98 9999 79 143 9 9999 121 9999
6 9999 9999 16 9999 9999 9999 119 9999 152 9999 9999 9999 9999 123 9999
118 9999 179 137 11 176 86 157 75 3 9999 83 36 9999 9999 9999
64 55 9999 190 9999 82 162 47 139 62 163 9999 60 36 9999 158
9999 175 9999 188 174 9999 9999 9999 36 43 9 71 115 116 172 27
105 186 185 182 9999 132 142 9999 197 9999 196 175 9999 82 111 7
9999 39 46 152 192 44 114 139 169 75 9999 18 190 10 73 121

7 16
44 79 97 37 19 85 187
130 138 129 163 108 22 106 79 112 138 182 138 181 147 12 21
9999 9999 9999 9999 171 68 9999 112 139 9999 9999 9999 9999 9999 12 123
9999 44 15 9999 9999 9999 141 9999 9999 104 141 52 9999 9999 41 9999
179 100 9999 197 124 9999 179 9999 194 9999 169 129 45 44 170 78
47 99 107 183 44 98 9999 141 25 59 196 9999 31 15 9999 9999
50 9999 9999 87 47 9999 195 9999 114 9999 89 46 26 85 9999 9999
163 20 105 169 9999 147 9999 187 9999 186 185 158 9999 6 187 38
50 9999 64 63 9999 136 20 107 147 59 9999 164 95 9999 12 103

7 16
170 97 101 169 39 119 171
194 161 50 164 66 17 78 56 82 81 123 156 120 144 166 168
9999 9999 186 9999 9999 9999 9999 109 9999 190 9999 171 169 9999 156 9999
53 192 9999 9999 25 9999 160 9999 182 9999 6 132 9999 9999 69 9999
9999 78 175 58 9999 16 9999 9999 3 62 9999 91 9999 86 25 161
69 191 9999 9999 36 94 9999 8 9999 195 145 66 9999 28 9999 9999
126 9999 116 62 121 91 102 66 129 9999 9 9999 94 9999 14 97
192 28 117 134 135 175 99 9999 167 16 164 196 40 145 9999 99
22 98 34 150 13 115 125 147 102 44 85 54 157 124 42 155

7 16
66 81 187 139 167 186 41
126 175 106 104 192 66 79 123 42 81 148 83 56 18 1 171
171 27 96 9999 9999 9999 137 59 9999 130 9999 9999 9999 99 9999 148
9999 9999 9999 113 9999 149 9999 121 9999 54 135 87 164 29 9999 22
167 9999 9999 9999 9999 162 73 111 9999 9999 88 77 9999 9999 146 9999
6 134 27 9999 83 50 141 123 135 59 196 86 27 22 189 9999
9999 159 42 195 77 18 9999 9999 105 152 196 97 1 9999 167 9999
9999 90 185 188 89 134 29 153 11 9999 42 9999 41 61 144 36
49 169 38 28 36 37 9999 9999 199 156 101 9999 174 121 121 119

7 16
7 157 138 98 149 82 144
44 157 30 114 49 123 92 79 166 163 121 196 136 19 6 124
9999 9999 109 9999 116 9999 111 47 67 95 62 9999 169 9999 9999 139
133 9999 163 12 157 161 181 9999 9999 9999 65 9999 9999 29 112 127
9999 102 139 174 9999 130 9999 142 145 9999 9999 95 9999 9999 142 9999
94 65 9999 36 113 9999 51 20 6 9999 8 56 20 16 128 9999
89 42 9999 11 9999 93 29 65 94 134 9 168 28 103 9999 111
61 9999 5 9999 74 74 30 45 9999 199 9999 184 116 9999 131 9999
113 116 9999 161 9999 112 166 90 9999 100 92 195 9999 167 195 106

7 16
162 133 144 45 31 196 128
11 45 29 130 90 114 192 110 181 21 115 133 35 154 95 78
9999 9999 191 9999 191 9999 9999 9999 9999 9999 9999 9999 71 7 9999 9999
9999 67 9999 192 92 141 9999 9999 9999 9999 126 33 71 9999 9999 7
154 9999 60 11 127 49 3 63 57 77 83 36 9999 9999 9999 147
35 99 9999 9999 9999 9999 181 181 133 118 9999 180 125 153 95 167
189 9999 63 170 9999 9999 181 104 101 5 103 9999 9999 66 187 138
143 187 9999 193 125 88 192 9999 190 114 9999 147 45 119 74 9999
9999 2 155 182 160 139 107 2 146 1 193 31 3 196 118 50

7 16
23 66 197 5 81 14 162
164 65 17 10 108 32 186 52 135 152 191 161 175 38 43 100
9999 9999 9999 9999 76 9999 9999 27 9999 9999 9999 9999 175 9999 9999 9999
32 76 9999 9999 9999 105 6 9999 128 129 132 13 9999 9999 9999 111
9999 9999 44 67 7 118 9999 159 158 124 138 157 9999 199 17 133
9999 9999 51 132 51 11 9999 64 26 9999 74 190 164 198 22 9999
49 192 90 164 162 26 50 70 9999 47 153 132 51 166 140 167
121 3 9999 181 9999 191 58 9999 2 161 2 9999 65 162 103 197
199 190 53 167 6 6 16 32 185 149 123 175 9999 28 100 43


