-----------
heuristic:
score:938429.0
facility 1:1 3 7 9 11 14 16 20 21 22 23 27 28 30 31 32 34 37 38 39 40 42 45 46 49 51 52 56 57 60 61 64 66 67 68 69 71 74 75 76 80 81 83 85 87 89 90 92 93 98 99 
facility 2:2 4 5 6 8 12 13 15 18 19 24 41 43 44 47 48 59 62 63 65 72 73 78 79 82 84 86 91 94 95 100 
facility 3:10 26 29 33 35 36 53 54 55 58 88 96 97 
facility 4:17 25 50 70 77 

heuristic opt:
score:576315.0
facility 1:1 3 7 9 20 21 23 28 30 45 49 56 60 61 67 69 74 83 85 90 98 
facility 2:4 5 6 12 13 16 24 27 31 37 41 44 46 47 52 59 65 66 72 73 76 79 84 86 87 100 
facility 3:2 10 11 14 18 22 26 33 34 36 38 39 40 43 51 54 55 58 63 64 68 78 80 81 88 89 91 97 
facility 4:8 15 17 19 25 29 32 35 42 48 50 53 57 62 70 71 75 77 82 92 93 94 95 96 99 

-----------
heuristic:
score:949239.0
facility 1:5 7 9 12 14 16 17 19 26 28 30 35 37 38 39 40 42 44 47 48 51 53 56 57 61 67 68 69 70 73 75 79 88 93 94 95 96 99 
facility 2:10 11 31 33 58 59 60 66 72 76 78 90 92 98 
facility 3:6 65 71 
facility 4:1 2 3 4 8 13 15 18 20 21 22 23 24 25 27 29 32 34 36 41 43 45 46 49 50 52 54 55 62 63 64 74 77 80 81 82 83 84 85 86 87 89 91 97 100 

heuristic opt:
score:615324.0
facility 1:17 26 30 37 38 42 48 51 56 68 69 70 75 88 93 94 95 96 99 
facility 2:3 4 10 13 18 20 24 25 31 34 46 53 58 59 66 72 73 76 77 78 79 86 90 92 100 
facility 3:2 6 9 11 16 19 27 28 33 41 43 44 47 50 60 62 65 67 71 81 84 89 91 98 
facility 4:1 5 7 8 12 14 15 21 22 23 29 32 35 36 39 40 45 49 52 54 55 57 61 63 64 74 80 82 83 85 87 97 

-----------
heuristic:
score:1047227.0
facility 1:1 3 5 7 10 14 15 16 18 19 20 21 22 25 26 30 32 36 37 38 39 41 42 48 54 55 56 59 61 62 63 66 67 68 69 71 75 77 78 79 80 81 82 83 84 89 90 93 96 99 
facility 2:4 6 9 11 12 23 28 40 46 47 49 50 51 52 53 60 70 72 85 86 87 88 91 95 97 100 
facility 3:2 13 17 24 27 31 33 34 35 44 45 57 58 64 65 73 74 92 94 98 
facility 6:8 29 43 76 

heuristic opt:
score:673367.0
facility 1:3 5 7 10 14 16 18 20 22 25 26 36 37 39 41 55 61 63 80 83 89 96 
facility 2:11 19 23 38 40 42 47 49 59 68 69 70 72 78 82 85 90 91 93 97 
facility 3:1 4 6 12 17 24 27 32 33 44 45 50 52 53 58 64 65 66 71 74 75 81 84 88 92 94 95 98 100 
facility 6:2 8 9 13 15 21 28 29 30 31 34 35 43 46 48 51 54 56 57 60 62 67 73 76 77 79 86 87 99 

-----------
heuristic:
score:1055533.0
facility 1:10 16 22 31 41 44 45 49 50 53 54 58 59 64 65 67 76 77 82 84 86 89 90 94 
facility 2:2 4 5 7 8 9 12 17 18 20 23 24 26 27 28 29 30 33 34 35 36 37 38 39 40 42 46 47 48 51 56 57 60 62 69 70 71 73 74 75 79 81 83 85 91 92 93 95 97 98 99 
facility 3:13 19 61 66 
facility 4:1 3 6 11 14 15 21 25 32 43 52 55 63 68 72 78 80 87 88 96 100 

heuristic opt:
score:721097.0
facility 1:12 16 20 22 31 41 42 45 49 54 58 67 71 77 84 86 93 
facility 2:4 7 18 23 26 28 30 33 34 35 37 47 48 51 62 69 73 75 79 81 83 91 95 98 99 
facility 3:2 5 6 8 11 13 19 24 25 29 32 36 38 44 46 50 52 56 61 63 65 66 70 74 78 80 85 87 89 92 94 97 100 
facility 4:1 3 9 10 14 15 17 21 27 39 40 43 53 55 57 59 60 64 68 72 76 82 88 90 96 

-----------
heuristic:
score:880070.0
facility 1:15 28 41 45 74 81 100 
facility 2:2 4 9 12 17 20 30 33 37 52 56 58 64 70 72 75 76 77 78 84 86 95 96 97 99 
facility 3:5 11 18 51 
facility 4:1 3 6 7 8 10 13 14 16 19 21 22 23 24 25 26 27 29 31 32 34 35 36 38 39 40 42 43 44 46 47 48 49 50 53 54 55 57 59 60 61 62 63 65 66 67 68 69 71 73 79 80 82 83 85 87 88 89 90 91 92 93 94 98 

heuristic opt:
score:623553.0
facility 1:15 22 23 26 29 30 41 45 62 74 75 90 94 100 
facility 2:1 2 4 9 10 13 14 20 33 35 40 48 52 56 57 58 61 70 72 84 86 87 92 96 97 99 
facility 3:5 7 11 12 16 17 18 19 21 28 32 34 37 39 43 50 51 59 63 64 69 73 76 77 78 79 81 82 91 95 
facility 4:3 6 8 24 25 27 31 36 38 42 44 46 47 49 53 54 55 60 65 66 67 68 71 80 83 85 88 89 93 98 

-----------
heuristic:
score:1032147.0
facility 1:8 11 26 30 31 43 62 65 71 77 80 85 86 88 92 100 
facility 2:28 29 35 45 60 61 64 95 
facility 3:1 2 3 4 5 6 7 10 12 13 14 16 17 18 20 21 22 23 24 25 27 32 33 34 36 37 38 39 40 41 42 44 46 47 49 50 51 52 53 54 55 56 57 58 59 63 66 67 69 72 73 74 76 78 81 82 83 84 87 89 90 91 94 97 98 99 
facility 11:9 15 19 48 68 70 75 79 93 96 

heuristic opt:
score:574502.0
facility 1:7 10 11 21 26 36 43 49 62 77 85 92 100 
facility 2:2 8 13 17 25 29 31 33 45 59 64 67 74 87 97 
facility 3:1 4 5 12 14 16 24 27 37 39 41 46 47 50 52 53 54 55 56 57 58 63 66 69 72 89 94 99 
facility 11:3 6 9 15 18 19 20 22 23 28 30 32 34 35 38 40 42 44 48 51 60 61 65 68 70 71 73 75 76 78 79 80 81 82 83 84 86 88 90 91 93 95 96 98 

-----------
heuristic:
score:941680.0
facility 1:23 32 34 65 66 67 69 79 92 
facility 2:1 2 3 4 6 7 8 10 15 16 17 18 19 21 24 25 26 28 29 30 35 36 38 43 45 46 47 48 55 58 60 68 71 74 75 76 77 82 83 84 86 87 88 93 94 96 98 100 
facility 3:5 9 11 12 13 14 20 22 33 37 39 40 41 42 44 49 50 51 52 53 54 56 57 59 61 62 63 64 70 72 73 78 81 85 89 91 95 97 99 
facility 4:27 31 80 90 

heuristic opt:
score:632785.0
facility 1:3 6 8 12 22 32 34 37 44 48 55 59 66 75 79 96 97 
facility 2:4 17 21 29 30 36 43 47 68 83 87 88 94 
facility 3:7 9 10 11 13 14 16 18 20 33 39 42 49 50 51 53 54 56 58 61 62 63 70 71 73 74 78 82 84 85 86 89 91 95 98 99 100 
facility 4:1 2 5 15 19 23 24 25 26 27 28 31 35 38 40 41 45 46 52 57 60 64 65 67 69 72 76 77 80 81 90 92 93 

-----------
heuristic:
score:1020902.0
facility 1:1 4 5 6 7 9 16 24 28 29 36 37 40 43 45 51 54 55 56 64 78 85 97 100 
facility 2:11 15 18 39 50 58 62 68 74 76 86 88 90 92 
facility 3:2 3 8 10 12 13 14 17 19 20 21 22 23 26 27 30 31 32 33 34 35 38 41 42 44 46 47 48 49 52 53 57 59 60 61 63 65 66 67 69 70 71 72 73 75 77 79 80 81 82 83 84 87 89 91 93 94 95 96 98 99 
facility 5:25 

heuristic opt:
score:658707.0
facility 1:4 5 9 12 24 29 32 36 40 45 54 56 64 66 78 85 97 
facility 2:7 11 13 15 17 19 20 22 37 38 48 49 51 58 59 62 79 80 88 90 92 98 
facility 3:2 3 8 10 21 26 27 30 31 33 34 41 52 60 61 69 70 73 75 77 83 84 89 94 95 96 
facility 5:1 6 14 16 18 23 25 28 35 39 42 43 44 46 47 50 53 55 57 63 65 67 68 71 72 74 76 81 82 86 87 91 93 99 100 

-----------
heuristic:
score:971074.0
facility 1:4 7 9 10 15 17 18 19 20 21 23 24 30 33 37 41 42 43 47 53 56 71 73 79 81 86 88 89 91 93 96 97 100 
facility 2:3 8 11 14 25 29 44 55 57 58 60 63 68 69 74 75 76 80 87 92 98 
facility 3:1 2 5 6 12 13 16 22 26 27 28 31 32 35 38 39 40 45 46 48 49 50 51 52 54 59 61 62 64 65 66 67 70 72 77 78 82 83 84 85 90 94 95 99 
facility 4:34 36 

heuristic opt:
score:590213.0
facility 1:9 15 17 18 19 20 24 30 37 41 47 73 79 81 91 97 
facility 2:3 5 11 14 27 40 42 44 51 53 57 58 60 61 63 69 72 74 75 78 80 83 87 89 90 92 93 96 98 99 100 
facility 3:1 4 6 16 22 26 28 32 35 38 39 46 49 52 54 59 64 65 70 71 77 84 85 88 94 
facility 4:2 7 8 10 12 13 21 23 25 29 31 33 34 36 43 45 48 50 55 56 62 66 67 68 76 82 86 95 

-----------
heuristic:
score:982966.0
facility 1:11 46 
facility 2:12 40 49 50 58 93 100 
facility 3:1 2 3 4 6 7 8 9 13 14 16 17 18 20 22 24 27 30 32 33 35 37 39 41 45 47 52 54 55 56 57 60 61 62 64 66 67 69 70 72 74 75 77 78 82 84 85 86 87 89 90 94 95 96 97 98 99 
facility 5:5 10 15 19 21 23 25 26 28 29 31 34 36 38 42 43 44 48 51 53 59 63 65 68 71 73 76 79 80 81 83 88 91 92 

heuristic opt:
score:588944.0
facility 1:4 6 11 28 31 43 46 48 68 76 83 100 
facility 2:7 12 15 21 23 25 29 30 33 34 37 40 44 45 49 50 52 58 60 65 66 71 77 80 81 84 85 88 93 97 
facility 3:1 2 8 13 14 20 22 24 27 32 54 55 61 62 69 70 72 74 75 78 96 99 
facility 5:3 5 9 10 16 17 18 19 26 35 36 38 39 41 42 47 51 53 56 57 59 63 64 67 73 79 82 86 87 89 90 91 92 94 95 98 

-----------
heuristic:
score:921387.0
facility 1:6 16 25 46 51 68 72 73 88 94 
facility 2:3 4 8 27 28 29 34 39 40 41 48 61 63 74 77 79 84 89 93 97 99 
facility 3:1 2 7 9 10 11 12 13 14 15 17 18 19 20 21 22 23 24 26 30 31 32 33 35 37 38 42 43 44 45 47 49 50 52 53 54 55 56 58 59 60 62 64 65 66 67 70 71 75 76 78 80 81 82 83 85 86 87 91 92 95 96 98 100 
facility 4:5 36 57 69 90 

heuristic opt:
score:556230.0
facility 1:1 3 6 16 38 41 47 51 62 63 68 72 73 75 82 84 88 100 
facility 2:4 8 10 11 13 15 21 27 29 30 34 40 42 44 48 50 61 66 74 77 79 80 85 99 
facility 3:2 7 12 14 17 20 22 24 26 32 35 37 43 45 49 52 53 54 58 59 65 67 70 71 76 78 81 83 86 87 91 95 
facility 4:5 9 18 19 23 25 28 31 33 36 39 46 55 56 57 60 64 69 89 90 92 93 94 96 97 98 

-----------
heuristic:
score:1131735.0
facility 1:4 7 8 10 15 16 20 25 27 30 39 47 54 56 57 59 62 64 66 70 73 74 76 79 82 86 90 95 96 97 
facility 2:2 3 5 6 11 12 14 18 19 22 23 26 29 31 32 34 36 37 38 40 41 44 45 46 48 49 50 51 53 55 58 61 63 65 68 69 72 75 77 78 80 81 83 85 87 88 91 92 94 
facility 3:1 13 17 21 24 28 35 42 43 52 60 67 71 84 89 93 98 99 100 
facility 4:9 33 

heuristic opt:
score:673628.0
facility 1:5 7 10 15 16 54 57 66 70 75 78 90 
facility 2:6 12 26 34 36 38 41 45 46 48 49 50 51 55 58 61 68 69 72 83 88 91 
facility 3:1 2 4 8 11 17 19 21 22 24 25 28 29 30 31 32 37 39 40 43 47 52 56 60 62 64 65 77 81 82 84 93 94 97 98 100 
facility 4:3 9 13 14 18 20 23 27 33 35 42 44 53 59 63 67 71 73 74 76 79 80 85 86 87 89 92 95 96 99 

-----------
heuristic:
score:945302.0
facility 1:7 12 23 82 
facility 2:8 14 41 70 83 97 
facility 3:1 2 3 4 5 6 9 10 13 16 18 19 20 21 24 26 27 28 31 32 33 35 36 37 38 39 40 42 43 47 48 49 50 51 52 53 54 56 57 58 59 60 61 63 65 66 68 69 71 72 74 75 76 77 81 86 89 90 93 95 96 98 99 100 
facility 4:11 15 17 22 25 29 30 34 44 45 46 55 62 64 67 73 78 79 80 84 85 87 88 91 92 94 

heuristic opt:
score:655188.0
facility 1:7 10 12 15 16 17 18 23 25 50 60 68 91 99 100 
facility 2:3 8 13 14 19 22 32 34 35 36 41 47 48 54 57 58 65 70 76 77 82 83 84 85 96 97 
facility 3:1 2 4 5 6 24 26 27 37 39 43 53 56 59 63 66 69 74 81 86 89 90 93 95 
facility 4:9 11 20 21 28 29 30 31 33 38 40 42 44 45 46 49 51 52 55 61 62 64 67 71 72 73 75 78 79 80 87 88 92 94 98 

-----------
heuristic:
score:980605.0
facility 1:28 80 
facility 2:1 2 5 6 8 9 10 11 12 13 14 15 17 18 20 21 22 23 24 26 29 31 32 34 35 36 38 42 44 46 47 49 50 53 54 55 56 59 60 61 62 65 68 70 72 74 75 76 77 79 81 82 83 84 86 87 88 90 92 95 97 99 100 
facility 3:3 4 16 19 25 30 33 37 40 41 45 51 52 58 63 64 66 71 73 78 85 89 91 93 94 
facility 5:7 27 39 43 48 57 67 69 96 98 

heuristic opt:
score:618928.0
facility 1:19 24 28 30 43 51 52 67 68 72 80 88 96 97 
facility 2:1 2 5 6 10 11 15 18 21 22 26 31 34 35 36 47 53 54 56 59 60 62 70 76 77 82 84 87 92 99 100 
facility 3:3 4 8 13 14 20 29 38 40 42 44 46 49 50 63 64 65 71 73 78 79 83 85 89 90 93 
facility 5:7 9 12 16 17 23 25 27 32 33 37 39 41 45 48 55 57 58 61 66 69 74 75 81 86 91 94 95 98 

-----------
heuristic:
score:1033166.0
facility 1:2 8 25 31 61 77 
facility 2:1 4 5 12 13 17 18 19 20 24 26 27 28 29 30 32 33 37 41 42 43 44 45 46 48 49 51 53 54 55 57 58 59 60 62 63 64 65 66 68 71 73 74 76 79 83 84 86 87 88 90 91 92 93 96 98 99 100 
facility 3:7 14 35 56 85 
facility 5:3 6 9 10 11 15 16 21 22 23 34 36 38 39 40 47 50 52 67 69 70 72 75 78 80 81 82 89 94 95 97 

heuristic opt:
score:712819.0
facility 1:2 8 16 31 41 64 67 70 74 77 81 89 94 
facility 2:1 5 12 13 17 19 20 27 28 30 33 43 46 49 51 54 58 59 62 63 65 66 68 73 76 79 88 90 92 93 96 99 
facility 3:7 10 14 15 21 25 29 32 35 39 40 44 47 55 56 61 69 72 75 82 85 87 91 
facility 5:3 4 6 9 11 18 22 23 24 26 34 36 37 38 42 45 48 50 52 53 57 60 71 78 80 83 84 86 95 97 98 100 

-----------
heuristic:
score:934312.0
facility 1:35 43 64 70 74 96 
facility 2:4 5 8 9 10 11 15 16 17 21 24 25 27 29 31 32 33 34 36 37 38 39 40 41 44 46 47 48 49 50 52 53 54 59 60 62 65 66 69 73 76 78 81 82 83 89 90 92 95 97 98 99 100 
facility 3:1 2 3 6 7 12 13 14 18 19 20 22 23 26 28 30 42 45 55 57 58 61 63 67 71 72 75 77 79 80 84 85 87 88 91 93 94 
facility 4:51 56 68 86 

heuristic opt:
score:580899.0
facility 1:6 14 24 53 55 61 70 74 85 96 
facility 2:4 5 8 11 25 32 33 34 39 41 44 46 47 49 52 54 59 60 65 66 69 76 83 95 98 100 
facility 3:1 2 3 9 10 15 16 17 18 19 21 22 30 36 37 40 42 45 48 58 63 67 72 75 77 78 79 80 82 84 87 88 90 92 93 94 99 
facility 4:7 12 13 20 23 26 27 28 29 31 35 38 43 50 51 56 57 62 64 68 71 73 81 86 89 91 97 

-----------
heuristic:
score:1095587.0
facility 1:3 28 38 64 69 71 75 99 
facility 2:9 12 13 14 15 18 19 22 24 27 30 34 37 43 45 49 62 68 73 78 79 80 85 93 94 97 98 
facility 3:1 2 4 5 6 7 8 10 11 16 17 20 21 23 25 26 29 31 32 33 35 36 39 40 41 42 44 46 47 50 51 52 53 54 55 56 59 60 61 63 65 66 67 70 72 74 76 81 82 83 86 87 88 89 90 91 92 95 96 100 
facility 4:48 57 58 77 84 

heuristic opt:
score:654440.0
facility 1:13 23 26 28 35 37 38 44 45 50 55 69 75 76 81 88 94 99 
facility 2:1 4 6 7 10 12 14 15 16 18 19 22 27 30 31 32 36 40 41 43 46 51 52 59 62 66 70 73 80 87 90 91 92 97 98 
facility 3:2 8 20 25 29 39 42 47 53 54 60 65 67 74 82 83 86 89 95 100 
facility 4:3 5 9 11 17 21 24 33 34 48 49 56 57 58 61 63 64 68 71 72 77 78 79 84 85 93 96 

-----------
heuristic:
score:1068261.0
facility 1:6 7 21 22 40 46 49 62 63 76 87 88 93 97 
facility 2:1 2 3 5 13 14 15 17 18 24 26 27 29 34 36 38 39 45 47 50 52 53 54 56 58 59 61 65 67 68 70 71 73 74 75 77 78 80 82 83 84 85 86 91 92 94 95 98 99 100 
facility 3:4 9 10 11 12 19 20 23 25 28 30 31 32 33 35 37 41 42 43 44 48 51 55 57 60 64 66 69 72 79 89 96 
facility 5:8 16 81 90 

heuristic opt:
score:675154.0
facility 1:2 5 9 12 21 22 30 35 63 66 72 73 83 87 93 97 
facility 2:1 18 27 34 36 45 47 50 54 67 70 71 75 77 78 80 84 86 91 95 98 99 100 
facility 3:3 4 19 23 25 26 29 31 32 33 38 39 44 51 55 57 65 68 69 89 96 
facility 5:6 7 8 10 11 13 14 15 16 17 20 24 28 37 40 41 42 43 46 48 49 52 53 56 58 59 60 61 62 64 74 76 79 81 82 85 88 90 92 94 

-----------
heuristic:
score:1016720.0
facility 1:1 2 3 4 6 10 11 12 13 14 16 17 18 21 22 23 24 29 35 36 37 45 46 47 48 49 51 53 55 56 58 63 66 68 70 71 74 76 77 80 81 82 89 90 
facility 2:8 9 15 19 25 26 27 31 32 38 39 40 42 44 50 54 57 61 65 67 69 78 84 86 87 91 92 96 
facility 3:5 7 28 30 33 34 41 43 52 60 62 64 72 73 75 83 85 93 94 95 97 98 99 100 
facility 5:20 59 79 88 

heuristic opt:
score:659233.0
facility 1:3 4 6 12 21 23 24 37 48 49 55 56 66 70 71 80 
facility 2:1 2 10 13 15 19 22 32 39 45 46 47 50 51 54 61 65 67 81 82 89 
facility 3:5 8 9 11 14 25 26 28 29 30 34 38 40 41 42 57 60 62 64 72 76 87 93 95 96 99 
facility 5:7 16 17 18 20 27 31 33 35 36 43 44 52 53 58 59 63 68 69 73 74 75 77 78 79 83 84 85 86 88 90 91 92 94 97 98 100 

-----------
heuristic:
score:980578.0
facility 1:36 
facility 2:1 3 4 5 7 8 11 13 17 20 21 23 24 26 28 30 31 37 39 42 44 46 47 48 49 50 51 52 54 55 56 57 58 59 61 64 65 68 69 73 76 77 79 80 82 84 85 89 90 91 92 93 94 95 97 99 100 
facility 3:10 12 33 35 53 70 72 
facility 10:2 6 9 14 15 16 18 19 22 25 27 29 32 34 38 40 41 43 45 60 62 63 66 67 71 74 75 78 81 83 86 87 88 96 98 

heuristic opt:
score:613080.0
facility 1:4 10 15 16 19 32 35 36 39 47 60 64 70 71 92 93 
facility 2:1 7 8 17 20 23 30 59 61 65 68 73 77 80 82 84 90 95 97 
facility 3:6 11 12 21 25 27 28 33 38 40 41 42 43 53 56 63 72 78 79 83 86 98 
facility 10:2 3 5 9 13 14 18 22 24 26 29 31 34 37 44 45 46 48 49 50 51 52 54 55 57 58 62 66 67 69 74 75 76 81 85 87 88 89 91 94 96 99 100 

-----------
heuristic:
score:1027855.0
facility 1:2 9 10 11 14 16 23 26 34 44 57 60 61 63 64 70 71 83 87 93 96 99 
facility 2:1 6 8 12 13 22 41 47 54 69 74 84 90 
facility 3:3 4 5 7 15 17 18 19 20 21 24 25 27 28 29 30 31 32 33 35 36 38 39 40 42 43 45 48 49 50 52 53 55 56 58 59 62 65 66 67 68 72 73 75 76 77 79 80 81 82 85 86 88 89 91 92 95 97 98 100 
facility 5:37 46 51 78 94 

heuristic opt:
score:570398.0
facility 1:2 4 14 43 50 52 55 61 63 64 70 71 79 83 93 
facility 2:1 3 5 8 9 12 13 17 21 27 28 38 39 42 53 54 58 66 68 69 77 80 82 87 88 90 91 96 97 99 
facility 3:15 18 19 25 29 30 32 33 36 40 45 48 56 59 65 73 75 81 85 89 92 98 
facility 5:6 7 10 11 16 20 22 23 24 26 31 34 35 37 41 44 46 47 49 51 57 60 62 67 72 74 76 78 84 86 94 95 100 

-----------
heuristic:
score:855934.0
facility 1:1 9 12 15 25 28 33 38 39 43 45 46 51 54 60 64 66 73 74 84 88 89 
facility 2:2 3 5 6 7 8 11 14 19 20 23 26 27 29 31 32 35 36 37 40 41 42 44 47 48 49 50 52 53 55 56 58 61 62 63 68 69 70 71 76 77 79 80 81 82 83 90 91 95 98 99 100 
facility 3:4 10 13 16 17 21 22 24 30 34 57 59 65 72 75 78 86 87 93 94 
facility 4:18 67 85 92 96 97 

heuristic opt:
score:589379.0
facility 1:15 23 25 36 39 43 45 46 50 51 53 56 60 68 74 88 
facility 2:5 6 8 11 19 26 27 32 35 37 42 44 47 49 58 63 70 76 77 81 90 91 95 99 
facility 3:1 3 4 7 9 10 13 14 16 21 24 29 31 34 38 41 48 52 55 62 64 65 71 72 73 75 78 82 84 86 87 93 
facility 4:2 12 17 18 20 22 28 30 33 40 54 57 59 61 66 67 69 79 80 83 85 89 92 94 96 97 98 100 

-----------
heuristic:
score:1108925.0
facility 1:7 8 10 13 17 19 24 29 30 33 39 45 48 49 50 53 54 55 56 59 71 73 75 81 84 88 94 
facility 2:2 9 15 31 35 42 44 66 67 77 80 91 93 95 
facility 3:21 32 79 
facility 4:1 3 4 5 6 11 12 14 16 18 20 22 23 25 26 27 28 34 36 37 38 40 41 43 46 47 51 52 57 58 60 61 62 63 64 65 68 69 70 72 74 76 78 82 83 85 86 87 89 90 92 96 97 98 99 100 

heuristic opt:
score:822430.0
facility 1:7 16 17 19 33 39 48 49 50 53 54 55 57 58 59 73 75 81 84 
facility 2:9 10 13 26 30 31 38 42 61 66 67 71 77 78 80 94 95 
facility 3:2 8 11 14 15 18 20 21 24 25 29 32 35 40 43 44 45 56 60 70 79 82 83 87 88 91 92 93 
facility 4:1 3 4 5 6 12 22 23 27 28 34 36 37 41 46 47 51 52 62 63 64 65 68 69 72 74 76 85 86 89 90 96 97 98 99 100 

-----------
heuristic:
score:1015634.0
facility 1:1 6 10 11 14 15 31 33 36 41 45 47 50 52 54 57 58 60 61 62 74 78 79 82 84 89 92 94 
facility 2:2 3 5 7 9 12 13 16 17 18 19 20 21 26 27 30 34 37 38 40 42 43 44 46 49 51 56 59 63 64 65 66 67 70 71 73 75 76 80 81 83 86 87 88 90 91 93 95 96 97 99 100 
facility 3:23 
facility 6:4 8 22 24 25 28 29 32 35 39 48 53 55 68 69 72 77 85 98 

heuristic opt:
score:660000.0
facility 1:1 12 14 15 19 21 31 33 36 40 41 47 50 52 56 57 60 63 78 79 82 84 89 
facility 2:9 13 18 26 27 37 38 42 44 59 64 65 66 70 73 76 86 87 90 91 95 96 97 99 
facility 3:3 10 16 23 29 30 43 45 46 51 58 61 62 67 68 83 93 98 
facility 6:2 4 5 6 7 8 11 17 20 22 24 25 28 32 34 35 39 48 49 53 54 55 69 71 72 74 75 77 80 81 85 88 92 94 100 

-----------
heuristic:
score:834260.0
facility 1:7 9 10 11 15 16 20 21 22 24 27 36 38 39 40 47 50 53 59 60 66 68 70 75 78 80 82 84 85 86 88 92 94 95 97 98 100 
facility 2:5 6 13 17 18 23 25 28 29 31 32 33 34 42 45 48 54 55 56 58 61 62 63 67 72 73 74 76 77 79 81 90 91 93 96 99 
facility 3:46 64 89 
facility 5:1 2 3 4 8 12 14 19 26 30 35 37 41 43 44 49 51 52 57 65 69 71 83 87 

heuristic opt:
score:561033.0
facility 1:7 11 15 22 27 36 38 39 40 53 60 70 80 82 85 86 92 95 97 100 
facility 2:10 21 29 32 33 34 42 48 54 61 68 74 77 78 81 88 91 96 99 
facility 3:1 3 4 5 6 12 13 16 23 26 28 30 31 41 43 46 49 52 62 63 64 67 71 72 75 84 89 90 93 98 
facility 5:2 8 9 14 17 18 19 20 24 25 35 37 44 45 47 50 51 55 56 57 58 59 65 66 69 73 76 79 83 87 94 

-----------
heuristic:
score:969358.0
facility 1:9 27 31 41 46 49 54 58 64 65 66 77 78 79 82 86 88 
facility 2:2 13 18 24 45 52 59 69 83 89 94 98 
facility 3:1 3 4 5 6 7 10 11 12 14 15 16 17 19 20 21 22 23 25 26 28 29 30 32 33 34 35 37 38 39 40 42 44 47 48 51 53 55 56 57 60 61 62 63 67 68 70 71 72 73 74 75 76 80 81 84 85 90 91 92 93 95 96 97 99 100 
facility 4:8 36 43 50 87 

heuristic opt:
score:749435.0
facility 1:4 9 11 25 27 30 31 32 37 38 41 49 54 58 60 63 64 65 71 78 82 88 
facility 2:2 6 15 18 21 26 29 39 46 48 59 66 69 72 81 83 84 86 90 91 99 
facility 3:1 7 10 14 16 17 19 22 28 33 35 42 44 47 51 55 61 67 68 73 74 75 76 80 85 93 95 96 97 
facility 4:3 5 8 12 13 20 23 24 34 36 40 43 45 50 52 53 56 57 62 70 77 79 87 89 92 94 98 100 

-----------
heuristic:
score:884528.0
facility 1:1 3 4 5 6 7 9 13 15 16 18 20 21 22 23 24 25 26 31 32 35 41 45 48 49 50 52 55 56 57 59 63 69 70 71 73 76 78 80 83 85 92 94 
facility 3:11 36 44 51 62 64 65 66 72 86 88 91 93 96 98 
facility 4:2 8 10 12 14 17 19 27 28 29 30 33 34 37 38 39 40 42 43 46 47 53 54 58 60 61 67 68 74 75 77 79 81 82 84 87 89 90 95 97 99 100 

heuristic opt:
score:664343.0
facility 1:5 6 7 9 18 20 23 24 31 32 45 55 56 59 69 70 73 78 80 83 94 
facility 3:1 11 13 21 26 28 33 34 36 40 43 44 51 57 60 62 64 65 66 67 72 75 76 77 84 86 88 90 91 92 93 96 97 98 
facility 4:2 3 4 8 10 12 14 15 16 17 19 22 25 27 29 30 35 37 38 39 41 42 46 47 48 49 50 52 53 54 58 61 63 68 71 74 79 81 82 85 87 89 95 99 100 

-----------
heuristic:
score:1007389.0
facility 2:1 49 88 97 
facility 3:4 9 12 15 16 20 26 34 37 39 55 57 59 62 63 64 65 66 67 68 71 76 77 78 94 
facility 4:2 3 5 6 7 8 10 11 13 14 17 18 19 21 22 23 24 25 27 28 29 30 31 32 33 35 36 38 40 41 42 43 44 45 46 47 48 50 51 52 53 54 56 58 60 61 69 70 72 73 74 75 79 80 81 82 83 84 85 86 87 89 90 91 92 93 95 96 98 99 100 

heuristic opt:
score:705047.0
facility 1:6 9 20 27 36 50 59 63 65 66 67 80 84 93 98 
facility 2:1 2 22 25 28 31 37 39 43 46 49 52 54 55 58 60 61 62 72 85 88 97 
facility 3:4 12 15 16 23 26 32 33 34 35 41 53 57 64 68 69 70 71 75 76 77 78 79 89 90 91 92 94 95 99 
facility 4:3 5 7 8 10 11 13 14 17 18 19 21 24 29 30 38 40 42 44 45 47 48 51 56 73 74 81 82 83 86 87 96 100 

-----------
heuristic:
score:1032283.0
facility 1:9 17 18 19 21 25 29 39 40 48 54 58 61 66 69 71 78 83 85 88 90 94 95 96 97 98 100 
facility 2:1 2 3 4 5 6 7 8 12 13 14 15 20 22 23 26 27 28 34 35 36 37 38 42 45 46 47 49 51 52 55 56 57 59 62 63 67 68 70 72 73 75 76 77 79 80 82 84 86 87 91 92 93 99 
facility 3:10 11 16 31 32 43 50 53 60 64 65 74 81 
facility 5:24 30 33 41 44 89 

heuristic opt:
score:707958.0
facility 1:17 19 40 49 59 61 66 69 71 85 88 94 97 98 
facility 2:1 2 4 14 15 20 22 28 35 52 57 62 63 70 72 75 77 79 80 82 84 87 92 99 
facility 3:3 5 6 7 9 10 13 16 21 23 31 38 45 47 50 53 54 55 56 58 60 67 68 74 78 90 96 100 
facility 5:8 11 12 18 24 25 26 27 29 30 32 33 34 36 37 39 41 42 43 44 46 48 51 64 65 73 76 81 83 86 89 91 93 95 

-----------
heuristic:
score:1089994.0
facility 1:2 10 25 33 39 41 60 66 70 72 95 
facility 2:13 14 52 53 76 78 82 96 
facility 3:16 21 93 100 
facility 6:1 3 4 5 6 7 8 9 11 12 15 17 18 19 20 22 23 24 26 27 28 29 30 31 32 34 35 36 37 38 40 42 43 44 45 46 47 48 49 50 51 54 55 56 57 58 59 61 62 63 64 65 67 68 69 71 73 74 75 77 79 80 81 83 84 85 86 87 88 89 90 91 92 94 97 98 99 

heuristic opt:
score:716073.0
facility 1:2 8 32 33 39 41 45 50 51 59 61 71 74 75 94 
facility 2:6 11 14 20 22 23 24 25 29 49 53 55 56 60 70 76 77 78 82 83 85 86 88 95 96 98 
facility 3:10 12 13 16 21 28 30 37 38 42 44 46 52 66 72 81 89 93 99 100 
facility 6:1 3 4 5 7 9 15 17 18 19 26 27 31 34 35 36 40 43 47 48 54 57 58 62 63 64 65 67 68 69 73 79 80 84 87 90 91 92 97 

-----------
heuristic:
score:904379.0
facility 1:4 39 63 
facility 2:6 7 11 15 26 28 29 31 33 38 45 48 50 54 55 61 67 77 78 85 96 
facility 3:1 3 5 8 9 10 12 13 14 16 17 18 19 20 21 22 23 24 25 27 30 32 34 35 36 37 40 41 42 43 44 46 47 49 51 52 53 56 57 58 59 60 62 64 65 66 68 69 70 71 72 73 74 75 76 79 81 82 84 86 87 88 89 90 91 92 93 94 95 97 98 99 100 
facility 6:2 80 83 

heuristic opt:
score:563213.0
facility 1:7 10 16 26 41 48 59 61 77 
facility 2:6 11 12 15 17 21 22 27 29 32 33 36 38 45 49 51 53 55 72 81 85 88 91 95 96 99 
facility 3:1 8 9 13 14 19 23 30 35 37 40 42 43 46 47 56 57 60 62 65 66 68 70 73 74 75 76 84 86 92 94 97 
facility 6:2 3 4 5 18 20 24 25 28 31 34 39 44 50 52 54 58 63 64 67 69 71 78 79 80 82 83 87 89 90 93 98 100 

-----------
heuristic:
score:968410.0
facility 1:4 17 19 21 28 36 38 40 44 51 56 57 61 64 65 73 74 78 85 88 93 98 99 100 
facility 2:2 3 8 9 11 12 13 14 15 18 20 23 26 27 29 34 35 37 39 43 47 48 49 50 52 58 59 60 63 66 67 72 75 76 79 82 83 84 86 89 90 91 92 94 95 96 97 
facility 3:1 22 42 45 53 70 77 81 
facility 4:5 6 7 10 16 24 25 30 31 32 33 41 46 54 55 62 68 69 71 80 87 

heuristic opt:
score:637134.0
facility 1:3 4 17 19 20 26 28 35 36 44 51 56 60 61 64 65 74 79 88 92 98 99 100 
facility 2:9 12 14 15 27 29 43 48 49 52 58 63 67 72 75 82 86 91 95 96 
facility 3:1 2 6 7 8 10 11 13 18 22 24 32 33 34 39 40 41 42 45 50 53 59 66 70 71 73 76 77 78 81 84 85 89 90 93 
facility 4:5 16 21 23 25 30 31 37 38 46 47 54 55 57 62 68 69 80 83 87 94 97 

-----------
heuristic:
score:1065274.0
facility 1:1 10 12 14 17 18 19 20 23 27 28 30 33 37 40 47 48 55 57 59 63 66 69 70 71 72 75 76 77 83 84 86 87 90 94 
facility 2:2 3 4 5 7 8 11 13 15 16 21 22 24 25 26 29 31 32 35 36 38 39 41 43 44 46 52 53 54 58 60 61 62 64 67 68 74 78 79 80 81 85 88 91 92 93 95 97 100 
facility 3:6 9 34 42 45 49 56 65 73 82 89 96 
facility 5:50 51 98 99 

heuristic opt:
score:648033.0
facility 1:12 14 19 20 40 55 59 63 70 72 84 86 90 94 
facility 2:2 3 11 13 23 29 35 38 39 44 53 54 58 66 67 71 76 80 81 85 88 93 95 100 
facility 3:1 6 7 9 10 16 22 27 31 32 34 41 42 45 46 47 48 49 61 68 73 78 82 91 
facility 5:4 5 8 15 17 18 21 24 25 26 28 30 33 36 37 43 50 51 52 56 57 60 62 64 65 69 74 75 77 79 83 87 89 92 96 97 98 99 

-----------
heuristic:
score:871021.0
facility 1:2 8 13 17 29 38 51 53 56 60 61 80 89 91 
facility 2:5 7 12 16 26 32 33 39 46 72 73 75 76 78 79 81 90 95 97 100 
facility 3:1 3 4 6 9 10 11 14 15 18 19 20 21 22 23 24 25 28 30 31 35 36 37 40 41 42 43 44 45 47 48 49 50 52 54 55 57 58 59 62 63 64 65 66 68 69 70 71 77 82 83 84 85 86 87 88 92 94 96 98 99 
facility 4:27 34 67 74 93 

heuristic opt:
score:596829.0
facility 1:2 3 13 17 21 29 30 33 38 53 56 79 80 95 
facility 2:9 16 20 23 25 26 28 31 32 35 39 43 50 54 58 64 72 73 75 76 78 81 86 90 
facility 3:1 10 11 14 15 18 19 22 24 36 37 40 41 42 44 48 49 55 59 62 63 66 68 70 82 83 84 87 88 92 94 98 
facility 4:4 5 6 7 8 12 27 34 45 46 47 51 52 57 60 61 65 67 69 71 74 77 85 89 91 93 96 97 99 100 

-----------
heuristic:
score:995779.0
facility 1:8 20 33 50 58 73 74 78 91 
facility 2:77 81 
facility 3:7 11 17 18 25 27 29 37 42 45 46 48 51 53 57 59 65 67 76 93 100 
facility 4:1 2 3 4 5 6 9 10 12 13 14 15 16 19 21 22 23 24 26 28 30 31 32 34 35 36 38 39 40 41 43 44 47 49 52 54 55 56 60 61 62 63 64 66 68 69 70 71 72 75 79 80 82 83 84 85 86 87 88 89 90 92 94 95 96 97 98 99 

heuristic opt:
score:704244.0
facility 1:2 7 8 20 23 27 33 38 58 63 64 69 73 74 76 78 91 92 
facility 2:9 10 15 17 21 25 28 35 43 45 46 49 50 52 56 61 62 77 79 81 86 88 100 
facility 3:11 12 16 18 26 29 30 31 36 37 40 41 42 47 48 51 53 54 57 59 65 67 70 72 75 80 84 85 93 95 
facility 4:1 3 4 5 6 13 14 19 22 24 32 34 39 44 55 60 66 68 71 82 83 87 89 90 94 96 97 98 99 

-----------
heuristic:
score:1102431.0
facility 1:1 4 9 13 14 16 17 18 19 20 21 22 23 26 27 28 30 36 41 44 47 50 51 53 57 66 68 72 73 79 85 86 87 88 90 93 96 97 98 99 
facility 4:2 5 6 8 11 24 25 31 32 33 35 38 40 42 43 46 49 52 54 58 59 60 62 64 65 67 70 71 74 75 77 80 81 82 83 84 89 92 94 95 100 
facility 5:7 10 12 15 29 34 37 39 45 48 55 56 61 63 69 76 78 91 
facility 6:3 

heuristic opt:
score:610012.0
facility 1:1 14 47 50 66 68 72 73 79 86 88 
facility 4:9 30 31 36 38 40 51 57 60 62 64 65 77 81 87 89 92 99 100 
facility 5:4 5 7 8 12 13 15 16 18 20 21 23 24 25 27 28 29 33 39 41 42 46 49 52 54 55 61 69 70 74 76 78 80 85 90 91 94 96 
facility 6:2 3 6 10 11 17 19 22 26 32 34 35 37 43 44 45 48 53 56 58 59 63 67 71 75 82 83 84 93 95 97 98 

-----------
heuristic:
score:907148.0
facility 1:6 10 13 14 20 21 25 36 37 40 42 53 55 56 59 61 63 77 78 82 87 89 90 92 
facility 2:2 8 47 48 62 65 70 71 81 84 86 94 95 
facility 3:1 3 4 7 9 11 12 15 16 17 18 19 22 23 24 26 27 28 29 30 31 32 33 34 35 38 39 41 43 44 45 46 49 51 52 57 58 60 64 66 67 68 69 72 73 75 76 79 80 85 91 93 96 97 98 99 
facility 6:5 50 54 74 83 88 100 

heuristic opt:
score:633002.0
facility 1:6 9 13 14 22 25 36 52 53 55 56 59 78 82 89 92 
facility 2:2 10 17 19 24 34 47 48 65 66 71 76 84 86 94 95 98 
facility 3:3 4 7 15 18 23 26 29 30 31 38 39 43 44 45 46 57 64 67 72 73 75 80 93 96 99 
facility 6:1 5 8 11 12 16 20 21 27 28 32 33 35 37 40 41 42 49 50 51 54 58 60 61 62 63 68 69 70 74 77 79 81 83 85 87 88 90 91 97 100 

-----------
heuristic:
score:1111329.0
facility 1:1 2 3 5 6 8 10 13 14 16 19 26 27 28 30 31 32 37 40 41 46 47 48 51 57 58 62 65 66 67 68 69 71 74 75 76 79 84 89 91 94 95 96 99 
facility 2:4 7 9 11 15 18 21 23 24 25 29 33 34 35 42 44 45 50 52 53 56 60 61 63 64 73 78 83 85 86 87 90 92 93 97 100 
facility 3:12 17 20 22 36 49 54 59 70 72 77 80 81 82 88 
facility 4:38 39 43 55 98 

heuristic opt:
score:763341.0
facility 1:6 8 10 14 16 19 26 27 28 32 37 40 47 48 51 57 58 62 66 94 96 
facility 2:2 5 7 9 11 25 30 31 44 52 60 63 64 68 69 73 89 92 97 
facility 3:3 4 13 20 21 22 23 34 35 36 42 45 49 53 56 59 67 71 75 76 80 83 84 91 95 99 100 
facility 4:1 12 15 17 18 24 29 33 38 39 41 43 46 50 54 55 61 65 70 72 74 77 78 79 81 82 85 86 87 88 90 93 98 

-----------
heuristic:
score:939479.0
facility 1:18 75 
facility 2:1 2 7 8 10 12 15 20 24 25 32 47 49 51 59 60 62 63 67 69 78 83 86 94 99 
facility 4:3 4 5 6 9 11 14 16 17 19 21 22 23 26 27 28 29 30 31 33 34 35 36 37 38 39 40 41 42 43 44 45 46 48 50 52 53 54 55 56 57 58 61 64 65 66 68 70 71 72 73 74 76 77 79 81 82 84 85 87 88 89 90 91 92 93 95 96 97 98 100 
facility 5:13 80 

heuristic opt:
score:638654.0
facility 1:17 18 36 37 46 48 49 65 68 74 86 
facility 2:1 2 4 7 8 12 14 15 24 25 27 32 43 45 59 60 61 67 70 76 78 83 88 90 92 94 99 
facility 4:3 9 11 22 28 29 30 31 33 39 40 41 42 44 54 56 58 64 71 77 79 81 82 85 87 89 91 96 97 98 100 
facility 5:5 6 10 13 16 19 20 21 23 26 34 35 38 47 50 51 52 53 55 57 62 63 66 69 72 73 75 80 84 93 95 

-----------
heuristic:
score:1008251.0
facility 1:11 19 24 33 45 60 65 98 
facility 2:3 5 6 8 12 15 16 18 27 29 31 32 35 37 39 44 46 47 50 53 56 57 61 69 70 74 78 79 82 83 84 88 90 94 
facility 3:1 2 4 7 9 10 13 14 17 20 21 22 23 25 26 28 30 34 36 38 40 41 42 43 48 49 51 52 54 55 58 59 62 63 64 66 67 68 72 73 75 76 77 80 81 85 86 87 89 91 92 93 95 96 97 99 100 
facility 4:71 

heuristic opt:
score:617371.0
facility 1:6 11 45 51 54 64 65 81 85 92 99 
facility 2:3 5 14 16 17 27 30 32 37 39 43 44 46 50 57 61 70 74 76 79 83 84 88 89 90 96 
facility 3:2 4 7 20 21 22 23 25 28 34 36 38 41 48 49 52 55 58 59 62 66 67 68 75 77 86 87 
facility 4:1 8 9 10 12 13 15 18 19 24 26 29 31 33 35 40 42 47 53 56 60 63 69 71 72 73 78 80 82 91 93 94 95 97 98 100 

-----------
heuristic:
score:1071769.0
facility 1:3 4 6 7 10 14 15 18 21 22 27 29 31 32 33 35 37 38 40 41 43 46 47 53 54 55 56 57 62 64 68 70 73 74 75 82 83 84 86 90 92 93 94 97 100 
facility 2:1 2 5 9 11 12 13 16 17 20 23 24 30 36 42 45 48 49 50 51 60 61 65 67 69 72 76 77 79 81 85 87 88 89 91 95 98 99 
facility 3:58 66 
facility 4:8 19 25 26 28 34 39 44 52 59 63 71 78 80 96 

heuristic opt:
score:703786.0
facility 1:3 4 6 14 21 22 27 29 35 38 43 47 53 54 57 70 86 100 
facility 2:9 23 24 30 36 40 41 46 50 56 60 65 69 74 76 79 81 85 88 98 
facility 3:1 12 13 15 17 26 39 42 48 49 52 58 61 62 63 64 66 67 73 75 78 83 84 89 90 93 96 97 
facility 4:2 5 7 8 10 11 16 18 19 20 25 28 31 32 33 34 37 44 45 51 55 59 68 71 72 77 80 82 87 91 92 94 95 99 

-----------
heuristic:
score:1041543.0
facility 1:1 6 10 14 15 16 18 19 20 23 29 37 38 40 49 51 53 59 60 61 66 68 70 71 78 80 81 84 86 87 89 90 91 95 100 
facility 2:5 8 9 11 12 17 21 25 27 28 31 32 35 36 39 42 43 44 46 47 48 50 52 56 57 62 63 64 67 72 74 76 77 83 88 92 93 96 98 99 
facility 3:58 69 75 94 
facility 6:2 3 4 7 13 22 24 26 30 33 34 41 45 54 55 65 73 79 82 85 97 

heuristic opt:
score:530195.0
facility 1:1 10 14 37 51 66 71 90 91 95 
facility 2:5 9 12 15 17 31 32 48 52 57 68 74 76 87 89 93 99 
facility 3:2 4 20 28 30 33 34 39 43 53 54 55 56 58 61 69 70 72 73 75 79 86 88 94 96 
facility 6:3 6 7 8 11 13 16 18 19 21 22 23 24 25 26 27 29 35 36 38 40 41 42 44 45 46 47 49 50 59 60 62 63 64 65 67 77 78 80 81 82 83 84 85 92 97 98 100 

-----------
heuristic:
score:999424.0
facility 1:5 7 20 28 29 37 41 53 58 63 66 67 70 71 75 82 87 88 91 96 97 
facility 2:1 3 4 6 8 9 10 12 14 15 16 17 18 23 24 26 27 30 36 39 42 44 46 49 50 52 54 55 56 57 60 62 65 68 69 72 74 76 77 78 79 84 86 89 90 92 93 94 95 98 99 100 
facility 3:2 13 19 21 22 25 31 32 33 34 35 38 40 43 47 48 51 59 61 64 73 81 83 85 
facility 4:11 45 80 

heuristic opt:
score:704666.0
facility 1:1 5 7 15 23 28 29 41 44 46 60 63 65 68 70 75 88 91 
facility 2:3 6 8 9 12 16 18 24 27 30 36 39 42 49 54 57 74 76 79 90 94 95 100 
facility 3:2 13 17 19 21 22 32 35 37 47 50 51 52 56 58 61 64 67 69 71 73 77 85 87 92 93 97 99 
facility 4:4 10 11 14 20 25 26 31 33 34 38 40 43 45 48 53 55 59 62 66 72 78 80 81 82 83 84 86 89 96 98 

-----------
heuristic:
score:919422.0
facility 1:2 5 6 7 9 11 12 21 24 26 28 36 37 38 39 41 42 45 48 49 55 56 58 59 60 63 64 65 67 71 72 74 76 79 81 87 88 89 91 95 97 98 99 
facility 2:3 4 15 19 29 40 52 57 61 75 78 83 92 100 
facility 3:80 94 
facility 4:1 8 10 13 14 16 17 18 20 22 23 25 27 30 31 32 33 34 35 43 44 46 47 50 51 53 54 62 66 68 69 70 73 77 82 84 85 86 90 93 96 

heuristic opt:
score:619135.0
facility 1:2 5 9 11 12 21 26 37 39 41 48 49 55 63 64 71 72 74 87 88 89 91 97 99 
facility 2:3 8 14 15 16 17 18 19 20 22 23 25 27 35 52 57 61 69 70 76 78 81 82 83 84 90 92 
facility 3:1 4 6 7 24 28 29 31 33 34 36 40 42 43 44 51 62 65 67 68 73 75 79 80 94 100 
facility 4:10 13 30 32 38 45 46 47 50 53 54 56 58 59 60 66 77 85 86 93 95 96 98 

-----------
heuristic:
score:914700.0
facility 1:75 
facility 2:1 2 7 9 12 14 16 17 18 20 23 24 25 26 29 31 32 33 34 35 36 37 38 42 45 46 48 49 50 51 54 58 62 64 67 68 69 70 74 78 80 82 83 86 88 93 94 95 97 99 100 
facility 3:6 15 28 30 52 56 57 65 81 84 
facility 5:3 4 5 8 10 11 13 19 21 22 27 39 40 41 43 44 47 53 55 59 60 61 63 66 71 72 73 76 77 79 85 87 89 90 91 92 96 98 

heuristic opt:
score:574877.0
facility 1:13 15 25 40 57 65 75 82 92 
facility 2:1 2 24 32 33 36 37 48 50 51 54 58 64 67 68 70 83 93 97 
facility 3:3 5 6 7 8 10 12 14 16 17 26 28 29 30 34 39 41 42 46 52 56 59 60 63 66 71 77 79 80 81 84 85 86 98 99 100 
facility 5:4 9 11 18 19 20 21 22 23 27 31 35 38 43 44 45 47 49 53 55 61 62 69 72 73 74 76 78 87 88 89 90 91 94 95 96 

-----------
heuristic:
score:900151.0
facility 1:9 17 31 34 36 43 54 56 59 70 78 
facility 2:1 2 3 6 8 10 13 15 20 21 22 24 25 26 27 28 30 33 35 37 38 40 44 47 49 50 52 55 57 58 65 66 68 69 71 72 73 76 80 81 84 85 87 89 91 97 98 99 
facility 3:4 5 7 12 16 18 19 23 29 32 39 41 42 45 46 48 51 53 60 61 62 67 74 75 77 79 83 86 88 90 92 93 94 95 96 100 
facility 4:11 14 63 64 82 

heuristic opt:
score:582298.0
facility 1:1 4 9 17 24 31 33 36 46 50 56 59 60 62 68 70 72 78 87 89 
facility 2:2 3 6 13 15 20 21 27 28 35 38 47 49 55 65 66 69 73 76 85 97 98 
facility 3:5 7 8 10 12 16 18 23 25 26 29 30 37 39 40 41 42 45 51 53 58 67 71 74 75 77 79 80 83 84 88 90 92 93 95 96 99 100 
facility 4:11 14 19 22 32 34 43 44 48 52 54 57 61 63 64 81 82 86 91 94 

-----------
heuristic:
score:990897.0
facility 1:6 7 11 15 17 19 22 23 24 27 29 32 33 34 35 36 37 39 42 45 46 47 48 50 51 52 53 59 60 61 64 65 71 72 78 79 82 87 88 89 94 98 100 
facility 2:1 5 8 9 10 12 13 16 31 38 40 49 54 55 56 58 62 68 70 73 74 75 76 77 81 84 85 86 90 93 97 
facility 3:2 4 18 20 21 25 26 28 41 43 44 57 63 66 67 69 80 83 91 96 
facility 4:3 14 30 92 95 99 

heuristic opt:
score:602531.0
facility 1:7 11 19 33 34 35 39 42 45 47 50 52 65 79 98 100 
facility 2:16 23 31 32 40 46 54 55 62 70 71 73 76 77 90 93 94 
facility 3:1 2 4 6 8 9 10 12 18 25 26 28 37 38 41 44 49 51 60 61 64 68 69 72 78 83 86 88 96 97 
facility 4:3 5 13 14 15 17 20 21 22 24 27 29 30 36 43 48 53 56 57 58 59 63 66 67 74 75 80 81 82 84 85 87 89 91 92 95 99 

-----------
heuristic:
score:949541.0
facility 1:44 51 
facility 2:75 78 93 
facility 4:1 2 4 5 6 7 9 10 11 13 14 15 16 17 19 20 21 22 23 24 25 28 29 32 33 34 35 36 37 38 39 40 41 42 45 46 48 49 50 52 53 54 56 58 59 60 61 62 63 64 65 66 67 68 69 70 73 74 76 77 79 82 85 86 87 88 89 90 91 92 95 97 98 99 100 
facility 6:3 8 12 18 26 27 30 31 43 47 55 57 71 72 80 81 83 84 94 96 

heuristic opt:
score:602019.0
facility 1:8 18 22 31 35 46 51 79 88 90 100 
facility 2:5 15 23 24 27 44 47 48 52 53 54 55 57 63 71 73 74 75 78 80 92 93 98 99 
facility 4:1 6 7 9 11 13 14 17 19 20 21 25 28 33 34 37 42 49 56 58 60 61 65 66 67 69 70 76 85 86 87 89 91 
facility 6:2 3 4 10 12 16 26 29 30 32 36 38 39 40 41 43 45 50 59 62 64 68 72 77 81 82 83 84 94 95 96 97 

-----------
heuristic:
score:896506.0
facility 1:5 23 27 
facility 2:1 3 4 6 8 9 10 11 15 17 20 22 25 26 28 31 32 33 35 36 37 38 39 40 42 43 44 45 46 47 48 50 53 54 59 60 61 63 64 65 67 71 73 75 76 77 79 80 82 83 84 85 87 89 90 94 96 98 100 
facility 3:30 86 97 
facility 5:2 7 12 13 14 16 18 19 21 24 29 34 41 49 51 52 55 56 57 58 62 66 68 69 70 72 74 78 81 88 91 92 93 95 99 

heuristic opt:
score:645298.0
facility 2:3 6 9 11 15 20 22 32 35 39 40 43 44 45 46 48 50 60 63 64 65 67 76 77 80 83 84 85 87 89 90 96 98 
facility 3:1 2 4 5 13 19 21 23 25 27 30 33 36 37 41 42 47 51 58 62 69 71 82 86 88 92 94 97 99 
facility 5:7 8 10 12 14 16 17 18 24 26 28 29 31 34 38 49 52 53 54 55 56 57 59 61 66 68 70 72 73 74 75 78 79 81 91 93 95 100 

-----------
heuristic:
score:960339.0
facility 1:1 2 20 28 34 44 50 52 57 72 94 96 
facility 2:3 6 7 9 10 11 12 14 15 16 17 18 19 24 26 27 30 31 32 36 37 39 41 43 45 46 49 54 58 62 64 66 67 70 71 73 74 75 77 79 80 81 82 83 84 85 86 87 88 90 92 95 99 
facility 4:4 5 8 13 21 22 23 25 29 33 35 38 40 47 48 53 55 56 59 60 61 63 65 68 69 76 78 89 91 93 97 98 100 
facility 5:42 51 

heuristic opt:
score:670549.0
facility 1:1 2 4 14 15 22 34 36 39 47 49 52 58 60 61 64 79 91 94 
facility 2:3 7 9 11 16 18 24 26 30 31 37 41 43 45 62 66 67 70 73 74 75 77 83 84 86 88 
facility 4:5 10 12 13 17 19 21 23 29 33 35 38 46 48 55 59 63 69 76 78 85 89 97 98 99 100 
facility 5:6 8 20 25 27 28 32 40 42 44 50 51 53 54 56 57 65 68 71 72 80 81 82 87 90 92 93 95 96 

-----------
heuristic:
score:805681.0
facility 1:1 2 6 11 16 25 26 38 39 44 46 49 57 58 60 64 67 68 71 72 73 76 78 84 87 88 89 90 93 99 100 
facility 2:3 4 5 7 8 10 12 13 17 18 21 22 27 28 29 30 31 32 34 35 36 37 40 41 42 43 47 48 50 51 53 54 62 63 65 66 69 70 74 75 77 79 80 82 83 85 86 92 97 98 
facility 3:9 14 15 19 20 23 45 55 56 61 81 91 95 96 
facility 4:24 33 52 59 94 

heuristic opt:
score:549792.0
facility 1:2 13 16 17 25 26 43 44 49 60 67 68 72 76 87 93 98 99 100 
facility 2:3 4 7 8 10 27 29 30 34 35 36 47 48 51 54 65 69 75 79 83 85 92 
facility 3:1 5 6 11 12 15 23 28 38 39 40 55 56 57 61 62 64 66 70 73 74 77 81 84 90 96 97 
facility 4:9 14 18 19 20 21 22 24 31 32 33 37 41 42 45 46 50 52 53 58 59 63 71 78 80 82 86 88 89 91 94 95 

-----------
heuristic:
score:969271.0
facility 1:8 13 33 34 35 36 38 45 51 53 54 60 61 73 86 89 93 94 95 98 
facility 2:1 2 3 6 7 9 10 11 12 14 15 16 17 21 22 24 26 27 31 32 37 39 40 41 42 44 47 48 49 50 55 56 58 59 62 63 68 69 70 71 74 75 78 79 80 81 83 84 85 88 90 91 97 99 100 
facility 3:4 5 19 20 23 25 28 30 43 46 52 64 65 66 67 72 76 82 92 96 
facility 4:18 29 57 77 87 

heuristic opt:
score:596851.0
facility 1:8 15 21 35 36 45 51 53 55 60 70 83 93 94 
facility 2:1 3 9 11 12 17 24 39 41 42 49 50 56 58 62 68 71 78 79 81 84 90 100 
facility 3:2 6 7 13 14 16 20 23 28 30 31 34 40 43 47 48 54 61 63 64 65 73 82 86 92 95 98 
facility 4:4 5 10 18 19 22 25 26 27 29 32 33 37 38 44 46 52 57 59 66 67 69 72 74 75 76 77 80 85 87 88 89 91 96 97 99 

-----------
heuristic:
score:970214.0
facility 1:1 2 3 5 9 10 13 18 21 23 24 26 28 29 34 38 40 41 42 44 45 46 49 50 55 56 57 58 60 62 65 66 67 68 77 81 83 88 90 93 95 98 
facility 2:8 30 32 33 39 48 73 74 75 78 91 92 94 96 
facility 3:17 25 63 72 97 
facility 4:4 6 7 11 12 14 15 16 19 20 22 27 31 35 36 37 43 47 51 52 53 54 59 61 64 69 70 71 76 79 80 82 84 85 86 87 89 99 100 

heuristic opt:
score:619729.0
facility 1:5 21 23 28 34 38 40 41 49 55 60 65 66 77 83 88 
facility 2:3 8 15 16 30 33 35 39 43 46 48 54 58 69 73 78 80 89 92 94 95 
facility 3:1 7 9 10 12 17 18 20 22 24 25 32 36 45 50 52 53 56 62 63 64 72 74 75 81 82 85 86 87 91 93 96 97 98 100 
facility 4:2 4 6 11 13 14 19 26 27 29 31 37 42 44 47 51 57 59 61 67 68 70 71 76 79 84 90 99 

-----------
heuristic:
score:1003032.0
facility 1:3 8 9 11 12 13 14 15 18 19 20 24 25 26 28 29 30 31 34 35 40 41 49 51 52 54 55 57 61 64 66 69 70 71 72 78 79 85 86 87 88 89 90 91 92 94 100 
facility 2:1 5 16 21 22 32 37 38 45 48 56 58 62 63 68 73 80 81 95 
facility 3:2 4 6 7 10 17 23 27 33 36 39 42 43 44 46 47 50 53 60 65 67 74 76 77 82 83 84 93 96 97 98 99 
facility 4:59 75 

heuristic opt:
score:700103.0
facility 1:9 14 15 24 25 26 28 34 41 49 52 54 61 64 70 78 89 92 94 100 
facility 2:3 5 21 39 40 45 47 48 50 55 56 58 62 63 67 68 73 74 80 81 83 90 96 97 
facility 3:2 4 6 7 8 10 11 17 19 20 23 27 29 30 33 35 42 43 44 60 69 71 76 77 84 91 93 98 99 
facility 4:1 12 13 16 18 22 31 32 36 37 38 46 51 53 57 59 65 66 72 75 79 82 85 86 87 88 95 

-----------
heuristic:
score:978312.0
facility 1:22 30 34 52 66 72 79 83 90 96 97 
facility 2:7 69 77 82 91 92 
facility 3:24 32 53 63 68 73 
facility 5:1 2 3 4 5 6 8 9 10 11 12 13 14 15 16 17 18 19 20 21 23 25 26 27 28 29 31 33 35 36 37 38 39 40 41 42 43 44 45 46 47 48 49 50 51 54 55 56 57 58 59 60 61 62 64 65 67 70 71 74 75 76 78 80 81 84 85 86 87 88 89 93 94 95 98 99 100 

heuristic opt:
score:648289.0
facility 1:4 13 34 43 47 54 61 65 72 79 83 90 94 97 
facility 2:7 11 12 14 23 28 38 48 56 59 64 66 76 77 86 87 92 96 
facility 3:2 6 8 10 15 16 20 22 24 27 30 31 32 41 44 45 52 53 63 68 69 71 73 75 81 82 91 95 100 
facility 5:1 3 5 9 17 18 19 21 25 26 29 33 35 36 37 39 40 42 46 49 50 51 55 57 58 60 62 67 70 74 78 80 84 85 88 89 93 98 99 

-----------
heuristic:
score:936784.0
facility 1:1 2 3 4 7 8 10 13 16 17 18 19 20 21 24 31 34 35 46 48 49 50 51 52 57 60 61 63 70 71 77 81 87 88 93 97 98 
facility 2:5 15 53 62 65 83 92 
facility 4:9 26 36 37 41 
facility 6:6 11 12 14 22 23 25 27 28 29 30 32 33 38 39 40 42 43 44 45 47 54 55 56 58 59 64 66 67 68 69 72 73 74 75 76 78 79 80 82 84 85 86 89 90 91 94 95 96 99 100 

heuristic opt:
score:510864.0
facility 1:1 4 16 20 24 31 34 49 57 60 61 93 97 98 
facility 2:2 3 6 15 23 43 44 45 50 51 56 59 75 77 90 91 92 96 99 
facility 4:5 9 13 17 19 22 25 26 28 36 37 38 39 40 41 42 52 53 62 65 67 71 73 74 80 81 83 84 85 88 95 
facility 6:7 8 10 11 12 14 18 21 27 29 30 32 33 35 46 47 48 54 55 58 63 64 66 68 69 70 72 76 78 79 82 86 87 89 94 100 

-----------
heuristic:
score:1076152.0
facility 1:3 6 7 12 15 16 17 18 19 21 24 25 26 28 30 32 33 39 40 46 48 49 50 57 58 59 60 61 69 73 74 75 82 84 85 86 87 88 90 91 94 95 96 99 100 
facility 2:8 9 10 13 14 20 22 31 35 36 38 41 42 43 47 55 56 63 67 68 70 71 72 77 79 80 93 97 
facility 4:1 2 4 5 11 23 27 29 34 37 44 45 51 54 64 65 66 76 78 81 83 89 92 98 
facility 5:52 53 62 

heuristic opt:
score:641510.0
facility 1:3 6 25 26 33 49 61 73 84 88 90 91 94 95 96 99 100 
facility 2:7 10 13 14 28 31 41 43 47 55 60 68 72 74 77 79 85 
facility 4:4 5 8 21 22 23 32 34 35 37 42 48 50 54 56 59 65 70 71 75 76 78 82 83 86 89 92 93 
facility 5:1 2 9 11 12 15 16 17 18 19 20 24 27 29 30 36 38 39 40 44 45 46 51 52 53 57 58 62 63 64 66 67 69 80 81 87 97 98 

-----------
heuristic:
score:1009350.0
facility 1:46 49 
facility 2:5 6 10 13 14 17 18 20 22 25 26 38 45 48 51 58 62 63 65 68 71 73 80 82 94 96 100 
facility 3:1 2 3 4 7 8 9 11 12 15 16 19 21 23 24 27 28 30 31 33 34 36 37 40 41 42 43 44 47 50 52 53 55 56 57 59 60 61 64 67 70 72 75 76 78 79 83 84 87 88 89 90 91 92 93 97 99 
facility 4:29 32 35 39 54 66 69 74 77 81 85 86 95 98 

heuristic opt:
score:654738.0
facility 1:5 11 13 19 21 29 32 46 49 56 61 82 89 93 95 98 
facility 2:2 4 14 18 25 26 27 28 36 38 43 45 48 55 58 62 63 64 68 71 73 76 83 84 96 100 
facility 3:1 3 8 12 15 23 24 30 31 33 34 40 42 44 47 50 52 53 57 59 60 70 72 75 78 79 91 92 99 
facility 4:6 7 9 10 16 17 20 22 35 37 39 41 51 54 65 66 67 69 74 77 80 81 85 86 87 88 90 94 97 

-----------
heuristic:
score:968132.0
facility 1:1 15 20 28 33 45 54 59 60 65 70 74 77 90 91 
facility 2:3 5 8 14 37 53 57 67 68 88 89 92 96 
facility 3:2 4 6 9 10 11 12 13 16 17 18 21 22 23 24 25 26 27 29 30 31 32 34 35 36 38 39 40 41 42 43 44 46 47 48 49 51 52 55 56 58 61 62 63 64 66 69 71 72 73 76 78 79 80 81 82 83 84 85 86 87 93 94 95 97 99 100 
facility 4:7 19 50 75 98 

heuristic opt:
score:707176.0
facility 1:6 15 20 29 45 47 48 58 59 60 72 90 91 
facility 2:8 11 17 24 26 28 30 39 42 43 54 63 68 70 73 81 85 95 97 99 100 
facility 3:2 4 9 10 12 13 16 18 21 22 23 27 31 32 36 40 41 44 46 51 52 55 62 66 69 78 79 80 82 86 93 94 
facility 4:1 3 5 7 14 19 25 33 34 35 37 38 49 50 53 56 57 61 64 65 67 71 74 75 76 77 83 84 87 88 89 92 96 98 

-----------
heuristic:
score:1069860.0
facility 1:1 7 13 17 31 34 35 39 41 45 51 53 56 60 61 62 67 69 70 74 78 79 82 85 95 96 97 100 
facility 2:2 3 4 5 6 9 11 14 15 16 18 19 20 21 22 23 24 25 26 27 29 30 32 33 37 38 40 42 46 48 50 54 55 57 59 63 64 65 72 73 75 76 81 84 87 88 89 90 91 92 94 98 99 
facility 3:47 52 
facility 4:8 10 12 28 36 43 44 49 58 66 68 71 77 80 83 86 93 

heuristic opt:
score:602528.0
facility 1:1 5 7 15 17 19 26 31 39 41 50 51 60 67 69 70 74 78 82 92 95 96 100 
facility 2:2 4 6 14 16 18 20 21 22 24 38 42 54 55 59 64 72 84 87 91 
facility 3:8 9 10 11 23 28 32 33 36 44 45 46 47 52 53 56 62 65 68 75 76 80 85 86 88 89 93 94 
facility 4:3 12 13 25 27 29 30 34 35 37 40 43 48 49 57 58 61 63 66 71 73 77 79 81 83 90 97 98 99 

-----------
heuristic:
score:1000288.0
facility 1:8 
facility 2:13 23 84 100 
facility 3:5 12 19 27 31 37 42 43 44 46 60 64 68 79 94 98 99 
facility 5:1 2 3 4 6 7 9 10 11 14 15 16 17 18 20 21 22 24 25 26 28 29 30 32 33 34 35 36 38 39 40 41 45 47 48 49 50 51 52 53 54 55 56 57 58 59 61 62 63 65 66 67 69 70 71 72 73 74 75 76 77 78 80 81 82 83 85 86 87 88 89 90 91 92 93 95 96 97 

heuristic opt:
score:681214.0
facility 1:4 8 11 14 17 19 39 42 43 51 53 54 72 73 74 81 94 96 
facility 2:2 5 9 13 23 25 34 37 38 55 66 67 75 82 84 86 88 89 91 92 98 100 
facility 3:12 15 24 27 29 30 31 33 40 44 46 50 60 62 64 68 69 77 79 85 93 97 99 
facility 5:1 3 6 7 10 16 18 20 21 22 26 28 32 35 36 41 45 47 48 49 52 56 57 58 59 61 63 65 70 71 76 78 80 83 87 90 95 

-----------
heuristic:
score:1101212.0
facility 1:2 7 9 11 12 14 19 23 24 25 26 29 35 36 42 45 48 51 53 56 57 58 60 61 62 66 76 77 78 89 90 92 97 98 99 
facility 2:1 5 6 10 15 16 18 20 21 22 27 28 32 34 38 39 40 43 44 46 47 49 52 54 59 63 68 70 75 79 80 81 82 86 93 96 
facility 3:3 33 55 64 91 
facility 5:4 8 13 17 30 31 37 41 50 65 67 69 71 72 73 74 83 84 85 87 88 94 95 100 

heuristic opt:
score:741833.0
facility 1:11 24 25 35 36 42 53 56 60 77 89 
facility 2:1 10 15 22 23 34 38 40 46 47 51 54 59 61 68 75 79 81 82 93 96 
facility 3:3 16 17 33 43 44 55 58 62 63 64 65 69 70 71 74 76 80 83 86 88 91 94 95 97 98 
facility 5:2 4 5 6 7 8 9 12 13 14 18 19 20 21 26 27 28 29 30 31 32 37 39 41 45 48 49 50 52 57 66 67 72 73 78 84 85 87 90 92 99 100 

-----------
heuristic:
score:986213.0
facility 1:2 6 7 10 14 15 21 25 26 27 28 45 50 54 57 62 70 72 76 79 80 82 84 88 90 
facility 2:4 9 11 12 16 19 20 22 23 29 31 32 33 35 37 39 41 42 44 47 48 49 51 52 55 56 59 60 61 63 64 66 68 69 71 73 74 75 77 78 81 85 86 87 92 95 96 97 99 100 
facility 3:1 3 5 8 13 17 18 24 30 34 36 38 40 43 53 58 65 67 89 91 94 98 
facility 5:46 83 93 

heuristic opt:
score:558278.0
facility 1:2 9 14 19 21 25 28 45 49 50 62 64 75 76 79 80 82 87 88 96 
facility 2:4 16 20 22 23 29 32 42 51 52 55 59 60 61 73 74 81 92 97 100 
facility 3:1 7 8 11 12 15 24 26 31 33 34 35 36 39 40 43 44 47 54 56 57 58 67 68 70 71 72 84 86 89 90 91 94 98 99 
facility 5:3 5 6 10 13 17 18 27 30 37 38 41 46 48 53 63 65 66 69 77 78 83 85 93 95 

-----------
heuristic:
score:1145579.0
facility 1:2 6 7 10 18 20 22 23 24 27 28 31 32 33 38 39 46 47 49 55 58 61 64 66 68 73 74 78 81 85 92 95 96 97 99 100 
facility 2:1 3 4 5 8 9 11 12 16 17 19 21 25 26 29 30 34 36 37 40 41 45 48 50 51 53 56 59 60 62 65 67 69 71 76 77 83 84 86 87 88 89 90 91 94 
facility 4:13 14 15 35 42 43 44 57 70 75 79 80 82 
facility 6:52 54 63 72 93 98 

heuristic opt:
score:666556.0
facility 1:2 5 9 10 20 22 24 25 36 38 39 46 49 55 58 64 66 69 74 78 81 85 89 95 96 97 99 
facility 2:11 16 17 19 21 26 30 34 37 40 45 48 50 51 71 76 77 84 86 91 
facility 4:1 6 8 12 14 15 28 29 33 41 43 44 47 56 57 65 68 70 80 87 
facility 6:3 4 7 13 18 23 27 31 32 35 42 52 53 54 59 60 61 62 63 67 72 73 75 79 82 83 88 90 92 93 94 98 100 

-----------
heuristic:
score:1026434.0
facility 1:13 22 26 27 34 49 50 58 63 67 68 72 76 77 97 
facility 2:2 4 8 9 11 16 21 23 31 33 35 45 46 48 52 56 60 69 71 73 80 81 82 84 85 87 94 99 
facility 3:1 3 5 6 7 10 12 14 15 17 18 19 20 24 25 28 29 30 32 37 38 39 40 41 42 43 44 47 51 53 54 55 57 61 62 64 65 66 70 74 75 78 79 83 86 88 89 90 91 92 93 95 96 98 100 
facility 4:36 59 

heuristic opt:
score:663167.0
facility 1:10 22 26 28 38 46 49 50 58 66 68 78 80 84 88 95 97 
facility 2:2 4 6 9 11 31 33 35 39 40 48 56 60 71 73 81 82 85 86 87 90 
facility 3:1 5 7 12 14 15 17 18 20 24 30 37 44 47 57 62 64 65 70 75 79 83 89 92 93 96 98 100 
facility 4:3 8 13 16 19 21 23 25 27 29 32 34 36 41 42 43 45 51 52 53 54 55 59 61 63 67 69 72 74 76 77 91 94 99 

-----------
heuristic:
score:942399.0
facility 1:2 6 12 13 14 16 17 22 45 48 49 51 63 69 80 87 88 91 94 100 
facility 2:1 7 11 25 31 46 50 68 74 75 76 82 90 97 99 
facility 3:3 4 5 8 9 10 15 18 19 20 21 23 24 27 28 29 30 32 33 34 35 36 37 38 40 41 42 43 47 52 53 54 55 56 58 59 60 62 64 65 66 67 70 71 72 73 77 78 79 81 83 84 85 86 89 92 93 95 96 98 
facility 4:26 39 44 57 61 

heuristic opt:
score:633124.0
facility 1:2 6 12 16 20 21 22 24 38 41 49 51 60 63 66 67 71 72 77 78 80 88 94 100 
facility 2:1 5 7 19 29 31 42 46 54 74 75 81 84 86 91 96 99 
facility 3:3 8 18 23 27 28 32 33 34 35 40 52 53 58 62 64 73 79 83 89 92 95 
facility 4:4 9 10 11 13 14 15 17 25 26 30 36 37 39 43 44 45 47 48 50 55 56 57 59 61 65 68 69 70 76 82 85 87 90 93 97 98 

-----------
heuristic:
score:1008596.0
facility 1:1 3 4 6 9 12 20 28 29 32 40 42 54 55 57 59 60 61 63 68 71 74 80 81 82 89 91 93 97 99 
facility 2:2 5 7 8 10 11 14 16 17 18 19 22 23 24 25 27 30 33 34 35 38 39 41 43 44 45 46 47 48 49 50 51 52 56 58 65 66 67 69 72 73 75 76 77 78 79 83 87 88 94 95 96 98 100 
facility 4:13 26 31 36 37 53 62 64 84 85 86 90 
facility 6:15 21 70 92 

heuristic opt:
score:551488.0
facility 1:1 3 7 8 40 49 50 52 55 60 63 88 89 97 99 
facility 2:5 10 14 17 19 22 30 33 44 48 65 66 67 72 73 75 77 83 94 96 
facility 4:13 16 18 24 25 26 28 29 31 32 37 43 45 46 47 51 53 57 64 68 71 74 76 78 82 84 85 87 90 93 95 100 
facility 6:2 4 6 9 11 12 15 20 21 23 27 34 35 36 38 39 41 42 54 56 58 59 61 62 69 70 79 80 81 86 91 92 98 

-----------
heuristic:
score:774793.0
facility 1:1 2 4 7 8 11 13 15 16 18 20 21 22 24 25 27 28 36 38 40 42 44 46 47 50 57 58 59 60 69 70 71 75 77 78 80 82 83 85 88 90 93 95 99 
facility 2:5 9 12 14 19 23 30 35 39 43 45 49 51 53 56 62 63 64 65 66 68 72 73 76 79 84 86 89 91 96 97 
facility 3:37 100 
facility 5:3 6 10 17 26 29 31 32 33 34 41 48 52 54 55 61 67 74 81 87 92 94 98 

heuristic opt:
score:468449.0
facility 1:1 2 4 7 11 13 27 38 42 50 57 58 59 77 78 80 82 83 88 90 99 
facility 2:5 9 12 20 22 23 39 43 45 47 49 56 64 72 73 84 86 93 95 
facility 3:6 8 10 15 18 21 25 29 31 33 37 40 41 46 55 60 62 63 67 68 71 85 89 91 100 
facility 5:3 14 16 17 19 24 26 28 30 32 34 35 36 44 48 51 52 53 54 61 65 66 69 70 74 75 76 79 81 87 92 94 96 97 98 

-----------
heuristic:
score:974245.0
facility 1:14 51 66 73 74 80 89 98 
facility 2:1 2 4 6 10 12 15 16 17 18 20 23 25 26 27 29 30 32 35 36 37 38 39 43 45 49 52 54 55 56 58 59 61 62 64 68 69 70 72 75 76 78 84 86 90 92 93 94 95 97 99 
facility 4:3 5 7 8 9 11 13 19 21 22 24 28 31 33 34 40 41 42 44 46 47 48 50 53 57 60 63 65 67 71 77 79 81 82 83 85 87 88 91 96 100 

heuristic opt:
score:782398.0
facility 1:5 8 13 14 19 24 36 37 41 44 48 50 51 53 54 57 66 73 74 80 89 98 100 
facility 2:1 2 4 6 10 15 17 18 23 25 27 32 35 38 43 45 55 62 68 70 72 75 76 78 90 93 94 95 97 99 
facility 4:3 7 9 11 12 16 20 21 22 26 28 29 30 31 33 34 39 40 42 46 47 49 52 56 58 59 60 61 63 64 65 67 69 71 77 79 81 82 83 84 85 86 87 88 91 92 96 

-----------
heuristic:
score:917989.0
facility 1:19 35 42 66 76 98 
facility 2:5 75 88 100 
facility 3:4 7 9 14 24 26 27 32 33 38 39 51 53 68 70 83 85 86 87 89 91 92 93 99 
facility 4:1 2 3 6 8 10 11 12 13 15 16 17 18 20 21 22 23 25 28 29 30 31 34 36 37 40 41 43 44 45 46 47 48 49 50 52 54 55 56 57 58 59 60 61 62 63 64 65 67 69 71 72 73 74 77 78 79 80 81 82 84 90 94 95 96 97 

heuristic opt:
score:695316.0
facility 1:33 34 42 47 56 65 68 74 76 82 87 98 
facility 2:5 6 12 17 19 24 27 28 35 44 59 62 66 70 75 83 85 88 93 97 99 100 
facility 3:1 4 7 8 9 11 13 14 15 20 26 29 32 38 39 40 49 51 53 57 58 60 61 67 69 72 73 78 80 86 89 91 92 94 
facility 4:2 3 10 16 18 21 22 23 25 30 31 36 37 41 43 45 46 48 50 52 54 55 63 64 71 77 79 81 84 90 95 96 

-----------
heuristic:
score:969458.0
facility 1:1 3 4 5 15 27 37 39 41 46 56 64 70 71 80 81 
facility 3:2 6 7 8 9 10 11 12 16 17 18 19 21 23 24 25 26 28 30 31 32 33 35 36 38 40 42 43 44 45 47 49 50 51 52 53 54 55 57 59 61 62 63 66 67 68 69 72 73 74 75 77 78 79 82 83 84 87 89 90 91 92 93 94 95 96 98 99 100 
facility 7:13 14 20 22 29 34 48 58 60 65 76 85 86 88 97 

heuristic opt:
score:710673.0
facility 1:3 5 11 15 19 45 46 52 64 70 71 80 91 
facility 3:6 8 9 10 23 25 28 31 32 40 42 43 44 51 53 54 55 59 62 69 73 74 75 78 79 89 90 94 95 96 98 99 100 
facility 7:1 2 4 7 12 13 14 16 17 18 20 21 22 24 26 27 29 30 33 34 35 36 37 38 39 41 47 48 49 50 56 57 58 60 61 63 65 66 67 68 72 76 77 81 82 83 84 85 86 87 88 92 93 97 

-----------
heuristic:
score:926744.0
facility 1:6 12 13 16 17 19 21 23 24 26 29 35 39 42 46 47 48 50 52 56 59 60 62 65 72 73 75 76 81 84 88 91 93 98 
facility 2:1 2 3 7 10 11 15 18 25 27 28 30 33 34 36 37 40 43 51 54 58 61 64 67 69 70 71 80 83 85 87 90 92 94 95 100 
facility 3:4 8 20 22 31 32 38 41 44 45 49 53 55 57 63 66 68 74 77 79 82 86 89 96 97 99 
facility 5:5 9 14 78 

heuristic opt:
score:595539.0
facility 1:13 16 19 23 29 42 46 47 50 56 59 60 62 65 81 91 93 
facility 2:3 7 11 18 33 43 51 54 61 72 90 92 94 98 100 
facility 3:2 4 6 8 12 15 17 21 24 27 28 31 34 35 39 41 44 45 48 52 55 57 58 63 64 66 67 73 79 82 83 85 86 87 89 96 
facility 5:1 5 9 10 14 20 22 25 26 30 32 36 37 38 40 49 53 68 69 70 71 74 75 76 77 78 80 84 88 95 97 99 

-----------
heuristic:
score:933045.0
facility 1:7 10 14 17 18 20 22 23 25 26 31 32 39 48 67 68 78 80 82 84 85 91 93 
facility 2:2 9 11 12 16 21 24 28 29 34 35 36 37 42 43 45 46 50 51 53 54 55 57 59 60 62 63 64 66 69 71 72 73 74 76 77 79 81 83 86 87 89 90 92 94 98 99 100 
facility 3:1 3 5 6 8 13 15 27 30 38 40 44 47 49 52 56 61 65 70 75 88 95 96 97 
facility 4:4 19 33 41 58 

heuristic opt:
score:606271.0
facility 1:7 10 17 18 20 22 31 32 34 35 43 54 63 67 68 78 80 85 93 94 99 
facility 2:11 28 29 36 37 42 45 46 51 59 60 62 66 71 74 77 79 81 83 86 89 92 98 100 
facility 3:1 8 13 14 21 26 27 30 38 39 40 44 47 52 53 55 56 61 69 73 76 82 84 90 91 95 96 
facility 4:2 3 4 5 6 9 12 15 16 19 23 24 25 33 41 48 49 50 57 58 64 65 70 72 75 87 88 97 

-----------
heuristic:
score:1032217.0
facility 1:2 8 35 56 64 71 74 85 91 97 100 
facility 2:3 5 12 16 53 58 88 94 99 
facility 8:1 4 6 7 9 10 11 13 14 15 17 18 19 20 21 22 23 24 25 26 27 28 29 30 31 32 33 34 36 37 38 39 40 41 42 43 44 45 46 47 48 49 50 51 52 54 55 57 59 60 61 62 63 65 66 67 68 69 70 72 73 75 76 77 78 79 80 81 82 83 84 86 87 89 90 92 93 95 96 98 

heuristic opt:
score:818587.0
facility 1:2 8 10 14 18 27 32 34 39 45 46 56 57 60 64 68 71 72 73 85 89 91 97 100 
facility 2:3 5 12 16 20 24 28 35 40 51 53 58 59 69 74 76 79 80 82 83 84 88 93 94 95 99 
facility 8:1 4 6 7 9 11 13 15 17 19 21 22 23 25 26 29 30 31 33 36 37 38 41 42 43 44 47 48 49 50 52 54 55 61 62 63 65 66 67 70 75 77 78 81 86 87 90 92 96 98 

-----------
heuristic:
score:970272.0
facility 1:5 7 12 13 14 17 27 33 35 36 37 39 42 44 46 50 51 52 55 57 58 59 65 67 69 71 72 80 81 84 85 86 89 90 91 97 99 100 
facility 2:2 4 8 9 10 15 16 19 20 23 24 25 28 29 30 32 34 41 43 48 49 53 56 60 63 68 75 76 79 82 87 88 92 95 98 
facility 3:18 21 70 73 78 94 
facility 4:1 3 6 11 22 26 31 38 40 45 47 54 61 62 64 66 74 77 83 93 96 

heuristic opt:
score:603232.0
facility 1:12 27 33 35 36 39 46 57 59 65 69 72 80 90 97 99 
facility 2:5 7 9 15 16 17 19 24 25 29 30 42 48 55 56 63 68 71 76 79 89 91 95 98 
facility 3:1 10 11 13 18 21 22 28 31 32 37 38 43 45 52 60 61 62 64 66 67 70 73 74 75 78 82 85 86 87 88 94 100 
facility 4:2 3 4 6 8 14 20 23 26 34 40 41 44 47 49 50 51 53 54 58 77 81 83 84 92 93 96 

-----------
heuristic:
score:1003470.0
facility 1:96 
facility 2:4 5 6 7 10 11 14 15 17 18 19 21 22 24 25 27 28 30 36 38 39 41 42 44 45 46 48 49 52 53 54 57 58 61 63 64 66 67 68 69 71 72 75 78 79 81 86 88 89 90 93 95 
facility 3:2 8 9 12 13 16 20 23 26 29 32 34 35 37 40 47 59 60 62 73 74 77 80 82 84 87 91 92 94 98 100 
facility 4:1 3 31 33 43 50 51 55 56 65 70 76 83 85 97 99 

heuristic opt:
score:586955.0
facility 1:3 20 34 40 42 45 51 52 55 61 89 94 96 97 100 
facility 2:4 5 6 7 15 18 21 22 27 39 41 44 46 49 57 58 63 69 71 72 75 78 81 88 93 
facility 3:8 12 13 14 16 17 23 29 30 35 36 37 38 53 62 64 73 77 82 84 87 90 91 95 98 
facility 4:1 2 9 10 11 19 24 25 26 28 31 32 33 43 47 48 50 54 56 59 60 65 66 67 68 70 74 76 79 80 83 85 86 92 99 

-----------
heuristic:
score:1000451.0
facility 1:6 8 9 17 19 23 26 28 31 35 38 39 43 56 58 63 68 70 72 76 85 86 92 98 
facility 2:1 4 7 11 12 13 14 15 16 18 21 24 29 30 32 33 36 40 41 42 45 46 48 49 50 51 52 53 57 60 62 64 65 66 69 73 74 75 78 79 81 82 83 84 88 89 94 96 97 100 
facility 3:27 91 93 95 99 
facility 4:2 3 5 10 20 22 25 34 37 44 47 54 55 59 61 67 71 77 80 87 90 

heuristic opt:
score:580430.0
facility 1:6 8 17 23 26 30 35 38 40 41 42 43 56 66 68 81 84 86 
facility 2:1 7 11 12 14 15 24 29 32 36 46 51 52 53 62 73 89 94 
facility 3:3 9 16 18 21 25 27 34 37 39 44 49 50 57 60 63 64 69 70 71 76 77 82 91 92 93 95 96 99 
facility 4:2 4 5 10 13 19 20 22 28 31 33 45 47 48 54 55 58 59 61 65 67 72 74 75 78 79 80 83 85 87 88 90 97 98 100 

-----------
heuristic:
score:1018245.0
facility 1:1 6 9 11 12 13 17 18 19 20 29 30 32 33 34 37 38 42 43 44 46 48 49 51 52 53 59 60 61 65 69 70 71 72 78 80 81 86 88 90 93 97 98 
facility 2:2 3 5 8 10 15 22 24 26 27 28 31 35 36 40 45 54 56 57 66 67 73 77 82 83 84 89 91 92 94 95 
facility 3:14 16 64 68 79 
facility 4:4 7 21 23 25 39 41 47 50 55 58 62 63 74 75 76 85 87 96 99 100 

heuristic opt:
score:668303.0
facility 1:6 9 12 19 29 32 33 38 52 53 60 61 65 71 78 80 90 93 
facility 2:1 3 24 28 30 36 37 40 45 51 54 57 66 70 73 82 83 92 94 98 
facility 3:4 8 14 16 17 22 25 26 27 31 34 41 42 43 44 50 55 56 58 62 64 68 69 74 75 76 79 84 85 91 96 
facility 4:2 5 7 10 11 13 15 18 20 21 23 35 39 46 47 48 49 59 63 67 72 77 81 86 87 88 89 95 97 99 100 

-----------
heuristic:
score:927439.0
facility 1:2 10 11 13 15 19 20 21 23 26 27 35 39 40 47 50 51 52 59 71 72 73 81 83 85 86 87 90 91 92 99 
facility 2:1 3 4 5 6 7 8 14 16 17 18 22 24 25 30 31 32 34 37 38 41 42 44 53 54 55 60 61 62 63 64 67 69 70 77 78 79 80 84 89 95 96 98 100 
facility 3:12 28 29 36 43 46 48 56 58 65 68 74 75 76 82 88 93 94 97 
facility 5:9 33 45 49 57 66 

heuristic opt:
score:592018.0
facility 1:2 4 5 6 10 14 19 21 26 40 50 51 55 59 67 71 73 81 87 90 91 
facility 2:1 3 7 8 16 18 22 25 30 34 37 41 42 44 53 54 62 64 70 78 80 89 95 96 98 
facility 3:17 23 28 31 35 36 47 48 61 65 68 75 77 79 82 83 84 85 88 92 93 97 
facility 5:9 11 12 13 15 20 24 27 29 32 33 38 39 43 45 46 49 52 56 57 58 60 63 66 69 72 74 76 86 94 99 100 

-----------
heuristic:
score:977258.0
facility 1:1 4 8 11 12 13 18 19 21 24 25 27 28 30 31 32 33 34 35 36 37 38 40 44 52 54 56 58 63 64 65 66 67 74 76 82 83 84 86 87 89 97 100 
facility 2:43 
facility 3:2 3 5 6 9 10 14 16 17 22 29 39 41 42 45 46 48 49 51 53 57 60 62 68 69 70 71 72 73 75 78 80 81 85 90 91 92 93 98 
facility 4:7 15 20 23 26 47 50 55 59 61 77 79 88 94 95 96 99 

heuristic opt:
score:649057.0
facility 1:11 13 19 21 28 31 33 35 44 52 66 83 84 
facility 2:3 5 7 8 12 22 23 27 30 37 40 43 47 54 60 70 78 87 96 
facility 3:1 2 6 10 14 29 32 36 39 46 48 49 51 57 64 68 69 71 72 73 74 76 80 86 89 90 91 93 97 98 
facility 4:4 9 15 16 17 18 20 24 25 26 34 38 41 42 45 50 53 55 56 58 59 61 62 63 65 67 75 77 79 81 82 85 88 92 94 95 99 100 

-----------
heuristic:
score:942120.0
facility 1:2 11 16 18 22 25 29 34 39 42 43 45 49 51 60 66 67 70 97 99 
facility 2:1 8 15 17 21 30 35 50 52 53 73 75 81 
facility 3:55 57 65 77 85 90 
facility 4:3 4 5 6 7 9 10 12 13 14 19 20 23 24 26 27 28 31 32 33 36 37 38 40 41 44 46 47 48 54 56 58 59 61 62 63 64 68 69 71 72 74 76 78 79 80 82 83 84 86 87 88 89 91 92 93 94 95 96 98 100 

heuristic opt:
score:677295.0
facility 1:11 22 25 39 41 42 43 44 49 51 54 56 84 94 99 100 
facility 2:1 2 7 8 14 15 18 21 23 26 30 37 50 52 60 63 67 75 79 81 88 93 96 97 
facility 3:9 13 16 17 19 27 29 32 34 35 36 40 45 53 55 57 58 59 61 65 66 69 70 73 77 78 85 90 
facility 4:3 4 5 6 10 12 20 24 28 31 33 38 46 47 48 62 64 68 71 72 74 76 80 82 83 86 87 89 91 92 95 98 

-----------
heuristic:
score:990401.0
facility 1:12 29 34 46 53 62 68 69 72 93 
facility 2:2 5 10 13 19 25 32 35 38 39 40 49 50 51 54 56 67 74 76 81 84 85 90 91 94 97 100 
facility 3:1 3 4 6 7 9 11 14 15 16 17 20 21 22 23 24 26 27 28 30 31 33 36 37 41 42 43 44 45 47 48 52 55 57 58 59 60 61 63 64 65 66 70 71 75 77 78 79 80 82 83 86 87 88 89 92 95 96 98 99 
facility 4:8 18 73 

heuristic opt:
score:575996.0
facility 1:1 2 9 11 12 14 15 20 21 25 28 29 32 37 53 56 58 62 68 72 83 84 93 94 
facility 2:5 13 26 27 35 38 39 49 50 51 61 66 67 74 75 76 77 81 86 87 91 95 97 98 100 
facility 3:6 7 17 22 23 30 31 36 41 45 47 59 60 63 64 65 70 78 79 89 92 99 
facility 4:3 4 8 10 16 18 19 24 33 34 40 42 43 44 46 48 52 54 55 57 69 71 73 80 82 85 88 90 96 

-----------
heuristic:
score:980421.0
facility 1:3 4 17 19 27 32 36 39 41 42 62 66 72 73 75 76 85 87 97 
facility 2:8 11 26 30 35 48 54 56 58 65 67 68 94 
facility 3:1 2 5 6 7 9 10 12 13 14 15 16 18 20 21 22 23 24 25 28 29 31 33 34 37 38 40 43 44 46 47 49 50 51 52 53 55 57 59 60 61 63 64 69 70 71 74 77 78 79 80 81 82 83 84 86 88 89 91 92 93 95 96 99 100 
facility 4:45 90 98 

heuristic opt:
score:727598.0
facility 1:4 10 17 18 19 34 36 60 62 66 72 73 74 89 97 
facility 2:2 11 12 24 26 27 28 30 32 35 42 43 46 54 56 58 63 65 67 68 76 79 88 94 95 99 
facility 3:1 5 7 9 13 14 15 20 21 23 25 29 33 37 44 47 49 50 53 55 57 64 71 77 78 80 81 83 84 86 91 92 93 96 
facility 4:3 6 8 16 22 31 38 39 40 41 45 48 51 52 59 61 69 70 75 82 85 87 90 98 100 

-----------
heuristic:
score:933244.0
facility 1:8 20 23 38 69 77 79 85 91 
facility 2:1 3 4 6 7 9 10 11 12 13 15 16 19 21 22 25 27 29 32 33 34 35 36 37 39 41 44 45 46 48 49 50 52 54 55 56 57 59 62 65 66 67 68 71 74 75 78 82 83 87 89 90 92 93 94 95 96 98 100 
facility 3:2 5 14 17 18 24 26 28 30 31 40 42 43 47 53 58 60 63 64 70 72 73 76 80 81 86 88 97 99 
facility 5:51 61 84 

heuristic opt:
score:595076.0
facility 1:2 8 20 34 38 44 46 69 77 85 86 95 97 
facility 2:6 7 13 15 16 19 21 27 32 36 37 48 50 52 55 59 62 68 75 78 82 83 89 90 93 94 98 
facility 3:1 3 5 17 24 28 31 33 42 43 45 47 53 63 64 66 70 72 73 74 76 80 81 88 92 96 
facility 5:4 9 10 11 12 14 18 22 23 25 26 29 30 35 39 40 41 49 51 54 56 57 58 60 61 65 67 71 79 84 87 91 99 100 

-----------
heuristic:
score:780828.0
facility 1:2 3 4 5 6 7 8 9 16 20 24 31 36 39 42 43 44 45 49 53 56 59 60 61 63 67 69 73 74 75 78 82 83 88 91 98 99 
facility 2:1 12 13 14 21 22 23 25 26 27 28 30 33 40 41 47 48 50 52 54 55 57 68 71 72 79 85 86 87 89 90 92 93 94 95 97 100 
facility 3:10 11 15 17 18 19 29 32 34 35 37 38 46 51 58 62 64 65 66 70 76 77 80 81 96 
facility 6:84 

heuristic opt:
score:469160.0
facility 1:6 9 16 31 43 60 63 74 75 82 83 88 91 98 99 
facility 2:1 12 20 22 28 36 39 40 47 48 52 55 57 67 68 73 85 87 89 90 92 93 95 97 
facility 3:2 4 5 8 11 15 17 18 21 23 25 26 29 33 34 35 37 38 42 49 50 51 59 64 65 66 69 76 79 80 81 94 96 100 
facility 6:3 7 10 13 14 19 24 27 30 32 41 44 45 46 53 54 56 58 61 62 70 71 72 77 78 84 86 

-----------
heuristic:
score:988273.0
facility 1:5 31 63 91 
facility 2:17 20 39 42 44 45 47 48 60 67 68 71 73 75 79 80 87 95 
facility 3:2 56 83 
facility 6:1 3 4 6 7 8 9 10 11 12 13 14 15 16 18 19 21 22 23 24 25 26 27 28 29 30 32 33 34 35 36 37 38 40 41 43 46 49 50 51 52 53 54 55 57 58 59 61 62 64 65 66 69 70 72 74 76 77 78 81 82 84 85 86 88 89 90 92 93 94 96 97 98 99 100 

heuristic opt:
score:588061.0
facility 1:5 10 17 43 47 57 60 63 70 71 73 91 
facility 2:6 11 14 18 24 25 27 28 35 36 38 39 40 42 44 48 49 53 54 61 67 68 74 80 84 85 87 89 92 96 99 
facility 3:2 4 12 20 31 33 37 45 51 55 56 58 66 69 75 78 79 82 83 86 95 98 
facility 6:1 3 7 8 9 13 15 16 19 21 22 23 26 29 30 32 34 41 46 50 52 59 62 64 65 72 76 77 81 88 90 93 94 97 100 

-----------
heuristic:
score:959580.0
facility 1:6 11 13 18 19 30 34 38 61 68 76 77 83 84 87 91 96 
facility 2:1 3 7 20 32 35 40 52 55 59 65 90 98 99 
facility 3:2 4 5 8 9 10 12 14 15 16 17 21 23 24 25 26 27 29 31 36 37 39 41 42 43 44 45 46 47 48 49 50 51 53 54 56 57 58 60 62 63 64 66 67 69 70 71 72 73 74 75 78 79 80 81 82 85 86 88 89 92 93 94 95 97 100 
facility 5:22 28 33 

heuristic opt:
score:510293.0
facility 1:6 19 21 37 38 43 45 54 61 76 78 84 93 95 96 
facility 2:7 29 30 40 47 52 55 75 79 86 90 91 98 99 
facility 3:4 5 9 10 12 14 17 24 25 26 27 31 36 44 48 49 51 53 56 60 63 64 66 71 72 74 81 82 85 88 92 94 97 100 
facility 5:1 2 3 8 11 13 15 16 18 20 22 23 28 32 33 34 35 39 41 42 46 50 57 58 59 62 65 67 68 69 70 73 77 80 83 87 89 

-----------
heuristic:
score:1166875.0
facility 1:6 10 11 12 13 18 21 22 24 25 27 28 30 35 36 38 40 42 44 48 50 53 54 55 62 65 68 71 72 75 83 85 87 88 90 92 94 97 98 100 
facility 2:5 7 9 20 23 29 37 45 46 57 74 79 89 99 
facility 3:1 2 3 4 8 15 16 19 26 31 32 33 34 41 43 51 52 56 58 59 60 61 63 64 66 67 69 70 73 77 78 80 81 82 84 86 91 93 95 96 
facility 5:14 17 39 47 49 76 

heuristic opt:
score:623437.0
facility 1:10 12 13 24 40 53 55 71 83 94 
facility 2:20 23 25 29 37 43 46 51 57 58 68 74 80 81 85 90 95 
facility 3:1 2 6 8 11 15 16 19 33 36 42 54 56 62 64 67 69 72 82 84 86 91 92 93 97 100 
facility 5:3 4 5 7 9 14 17 18 21 22 26 27 28 30 31 32 34 35 38 39 41 44 45 47 48 49 50 52 59 60 61 63 65 66 70 73 75 76 77 78 79 87 88 89 96 98 99 

-----------
heuristic:
score:1022078.0
facility 1:3 5 8 9 10 11 13 22 25 26 28 29 40 41 46 47 50 61 67 70 71 72 74 75 80 81 86 87 88 89 92 93 97 99 
facility 2:16 17 27 
facility 3:1 4 6 7 12 18 19 21 23 24 31 32 33 34 35 38 48 49 51 52 54 58 59 63 65 66 68 69 73 76 77 79 84 85 90 91 94 96 98 
facility 5:2 14 15 20 30 36 37 39 42 43 44 45 53 55 56 57 60 62 64 78 82 83 95 100 

heuristic opt:
score:669694.0
facility 1:3 9 10 11 22 26 40 41 46 50 61 70 72 75 80 88 89 97 
facility 2:2 8 14 16 17 27 29 30 31 34 36 38 44 51 55 57 59 62 71 81 86 87 90 92 93 99 
facility 3:5 18 23 32 35 47 48 49 52 58 65 68 69 73 76 77 79 84 85 96 
facility 5:1 4 6 7 12 13 15 19 20 21 24 25 28 33 37 39 42 43 45 53 54 56 60 63 64 66 67 74 78 82 83 91 94 95 98 100 

-----------
heuristic:
score:899188.0
facility 1:10 11 15 18 20 21 28 29 31 32 34 35 36 37 42 45 46 47 48 50 55 58 59 60 62 69 71 74 79 84 93 97 
facility 2:1 2 3 6 7 9 12 13 24 25 33 38 40 41 43 49 51 52 54 56 57 64 65 66 67 68 70 76 78 81 82 85 86 88 89 95 99 100 
facility 3:4 8 14 16 17 19 22 23 27 39 44 53 63 72 73 75 77 83 87 90 91 92 94 96 
facility 6:5 26 30 61 80 98 

heuristic opt:
score:611728.0
facility 1:15 18 20 28 31 34 35 42 45 48 58 93 
facility 2:2 6 10 11 12 13 29 32 37 38 40 41 47 50 51 54 57 59 60 65 68 70 76 85 86 88 89 
facility 3:1 4 7 8 9 14 17 21 22 25 39 44 46 56 62 64 66 72 73 78 81 82 83 84 87 90 91 92 94 96 97 99 
facility 6:3 5 16 19 23 24 26 27 30 33 36 43 49 52 53 55 61 63 67 69 71 74 75 77 79 80 95 98 100 

-----------
heuristic:
score:1068498.0
facility 1:3 5 10 11 15 25 27 33 34 35 40 42 46 47 49 50 56 62 64 67 69 78 80 86 87 89 92 93 99 
facility 2:1 4 7 8 9 12 13 14 16 18 19 20 21 23 26 29 31 32 36 38 39 44 48 52 53 54 57 58 59 61 63 65 66 70 73 74 75 76 77 81 83 84 85 88 90 91 94 95 96 97 100 
facility 3:6 17 22 24 28 30 37 41 43 45 51 55 60 71 72 79 82 98 
facility 4:2 68 

heuristic opt:
score:714887.0
facility 1:3 11 15 18 25 33 34 50 53 56 64 69 80 85 86 87 89 100 
facility 2:1 9 12 13 16 20 23 26 29 31 32 36 44 54 58 59 61 70 74 75 81 84 94 95 
facility 3:5 7 8 10 17 19 21 24 28 35 37 38 40 45 49 51 55 60 62 66 67 71 72 76 77 79 88 92 93 98 
facility 4:2 4 6 14 22 27 30 39 41 42 43 46 47 48 52 57 63 65 68 73 78 82 83 90 91 96 97 99 

-----------
heuristic:
score:1086226.0
facility 1:24 41 53 89 
facility 2:1 2 5 9 16 19 23 25 26 27 29 35 47 48 51 66 67 68 69 71 72 74 75 76 79 80 82 86 88 92 
facility 3:3 4 6 8 10 11 13 14 17 18 20 21 28 30 31 32 34 36 37 39 40 42 43 44 45 46 49 50 52 54 55 56 57 58 59 60 61 62 63 64 65 70 73 77 78 81 83 84 85 90 93 94 95 96 97 98 99 100 
facility 4:7 12 15 22 33 38 87 91 

heuristic opt:
score:709505.0
facility 1:3 24 30 33 39 41 48 53 57 60 64 71 77 87 89 92 97 98 
facility 2:1 2 4 5 10 14 16 23 26 27 45 46 47 50 51 59 61 65 66 67 68 69 70 72 74 75 76 79 80 85 86 88 96 
facility 3:6 8 13 17 18 20 21 31 34 36 37 40 43 44 49 52 54 56 63 73 81 83 94 95 
facility 4:7 9 11 12 15 19 22 25 28 29 32 35 38 42 55 58 62 78 82 84 90 91 93 99 100 

-----------
heuristic:
score:1108227.0
facility 1:4 5 9 11 12 13 17 19 25 26 28 30 31 32 33 35 37 41 42 43 44 45 46 49 51 58 63 64 66 68 70 72 73 76 81 83 84 86 88 92 95 98 
facility 2:1 2 3 10 14 15 18 22 23 24 29 36 38 40 47 48 50 54 56 59 67 71 74 75 79 80 82 89 91 93 94 97 100 
facility 3:8 39 52 60 77 78 96 99 
facility 4:6 7 16 20 21 27 34 53 55 57 61 62 65 69 85 87 90 

heuristic opt:
score:722554.0
facility 1:4 5 11 25 32 33 37 42 45 46 63 66 70 73 81 84 86 88 95 98 
facility 2:1 9 15 23 26 28 35 36 40 44 47 56 58 72 74 82 83 91 93 97 
facility 3:8 10 12 13 16 19 20 24 30 31 34 38 39 48 49 50 52 53 55 60 61 64 67 68 69 77 78 79 80 87 90 96 99 
facility 4:2 3 6 7 14 17 18 21 22 27 29 41 43 51 54 57 59 62 65 71 75 76 85 89 92 94 100 

-----------
heuristic:
score:987873.0
facility 1:10 12 17 23 44 46 70 75 80 
facility 2:1 3 5 6 8 9 13 14 16 18 21 22 24 26 36 37 38 41 42 45 47 49 52 53 56 59 60 63 64 65 67 69 72 74 76 77 78 79 81 82 84 85 92 94 95 97 98 100 
facility 3:32 40 91 
facility 4:2 4 7 11 15 19 20 25 27 28 29 30 31 33 34 35 39 43 48 50 51 54 55 57 58 61 62 66 68 71 73 83 86 87 88 89 90 93 96 99 

heuristic opt:
score:648494.0
facility 1:3 4 10 11 13 17 33 34 35 37 44 46 55 57 66 70 72 73 77 79 80 
facility 2:6 8 9 16 22 24 38 41 49 56 65 69 76 78 81 84 92 97 98 100 
facility 3:5 12 19 23 25 32 39 40 42 43 45 52 67 74 75 85 86 89 90 91 
facility 4:1 2 7 14 15 18 20 21 26 27 28 29 30 31 36 47 48 50 51 53 54 58 59 60 61 62 63 64 68 71 82 83 87 88 93 94 95 96 99 

-----------
heuristic:
score:1039096.0
facility 1:25 41 77 96 
facility 2:2 3 5 6 7 8 11 12 13 15 16 18 20 23 24 26 28 32 33 34 35 38 39 40 42 46 47 49 50 52 53 54 55 56 57 58 59 60 61 62 64 66 67 68 69 70 73 74 78 80 81 85 87 90 91 93 97 99 100 
facility 3:4 9 10 14 19 21 22 29 30 31 36 37 43 44 45 48 51 63 65 71 72 76 79 82 83 84 86 88 89 92 94 95 
facility 4:1 17 27 75 98 

heuristic opt:
score:639459.0
facility 1:2 4 14 34 37 41 69 78 80 81 96 
facility 2:3 5 6 12 13 18 23 28 32 33 38 40 42 49 54 56 57 58 59 61 62 68 91 
facility 3:7 9 22 24 26 29 30 31 43 44 47 50 51 64 65 72 74 76 84 85 87 88 92 94 95 97 
facility 4:1 8 10 11 15 16 17 19 20 21 25 27 35 36 39 45 46 48 52 53 55 60 63 66 67 70 71 73 75 77 79 82 83 86 89 90 93 98 99 100 

-----------
heuristic:
score:1182183.0
facility 1:5 10 53 75 77 
facility 2:1 2 3 6 7 8 9 14 15 16 17 18 22 23 25 26 33 36 41 43 44 45 47 48 51 55 57 63 65 66 71 73 74 76 78 79 83 84 85 86 88 89 93 96 98 99 100 
facility 3:11 20 50 68 80 
facility 4:4 12 13 19 21 24 27 28 29 30 31 32 34 35 37 38 39 40 42 46 49 52 54 56 58 59 60 61 62 64 67 69 70 72 81 82 87 90 91 92 94 95 97 

heuristic opt:
score:826675.0
facility 1:5 6 7 8 19 22 27 31 38 40 42 48 53 58 60 62 64 75 77 90 95 99 
facility 2:1 3 16 17 18 25 26 33 36 41 43 73 74 79 83 84 85 89 96 98 
facility 3:2 4 10 11 12 13 14 15 20 21 23 24 29 30 35 47 50 52 54 63 68 80 92 93 94 100 
facility 4:9 28 32 34 37 39 44 45 46 49 51 55 56 57 59 61 65 66 67 69 70 71 72 76 78 81 82 86 87 88 91 97 

-----------
heuristic:
score:999179.0
facility 1:59 86 
facility 2:39 
facility 3:1 3 4 5 8 9 10 11 12 13 14 16 17 18 20 21 22 23 24 25 26 27 28 31 32 33 34 35 38 40 41 44 45 47 51 52 53 54 56 57 60 61 62 66 68 69 73 74 76 77 78 79 80 81 82 83 84 88 89 90 91 92 95 96 98 100 
facility 5:2 6 7 15 19 29 30 36 37 42 43 46 48 49 50 55 58 63 64 65 67 70 71 72 75 85 87 93 94 97 99 

heuristic opt:
score:609929.0
facility 1:3 4 7 13 17 25 42 47 48 53 58 59 64 72 77 85 86 88 92 99 
facility 2:1 6 8 12 16 19 22 33 34 37 39 50 51 54 56 65 75 93 95 97 100 
facility 3:10 11 23 24 38 44 45 52 60 62 69 73 74 76 78 81 82 89 90 91 96 
facility 5:2 5 9 14 15 18 20 21 26 27 28 29 30 31 32 35 36 40 41 43 46 49 55 57 61 63 66 67 68 70 71 79 80 83 84 87 94 98 

-----------
heuristic:
score:1030404.0
facility 1:1 2 6 11 12 16 22 27 34 36 39 44 45 46 59 68 69 77 80 81 83 89 94 99 
facility 2:28 62 64 71 100 
facility 3:3 4 5 8 10 13 14 15 17 18 19 20 21 23 24 25 26 29 30 31 32 33 37 38 40 41 47 49 50 51 54 55 56 57 58 61 63 65 66 70 74 75 76 78 82 84 86 87 88 91 92 93 95 96 97 98 
facility 4:7 9 35 42 43 48 52 53 60 67 72 73 79 85 90 

heuristic opt:
score:677995.0
facility 1:12 16 21 22 23 27 29 39 44 49 51 69 80 81 94 99 
facility 2:4 6 7 9 10 28 32 33 35 37 38 41 42 45 47 48 56 57 59 60 61 62 64 66 71 72 75 86 96 100 
facility 3:3 13 15 17 19 20 25 55 58 65 70 74 76 82 88 91 92 93 95 97 
facility 4:1 2 5 8 11 14 18 24 26 30 31 34 36 40 43 46 50 52 53 54 63 67 68 73 77 78 79 83 84 85 87 89 90 98 

-----------
heuristic:
score:1059348.0
facility 1:1 3 4 11 17 18 19 20 21 24 25 26 38 47 48 50 51 52 59 60 61 63 66 71 82 83 86 88 94 
facility 2:2 5 6 8 10 12 13 16 22 23 27 28 29 32 33 34 35 36 37 39 40 42 43 44 45 46 53 54 57 58 62 64 65 69 70 72 74 75 76 78 81 87 90 92 93 95 96 97 99 100 
facility 3:30 41 49 91 98 
facility 4:7 9 14 15 31 55 56 67 68 73 77 79 80 84 85 89 

heuristic opt:
score:703352.0
facility 1:1 11 19 20 21 22 24 25 46 50 52 59 61 71 74 75 82 83 86 88 93 
facility 2:2 5 13 32 34 35 36 42 64 69 70 76 78 87 92 95 97 100 
facility 3:3 7 9 10 16 23 27 28 30 33 37 41 43 47 48 49 56 57 60 62 65 72 77 91 94 98 99 
facility 4:4 6 8 12 14 15 17 18 26 29 31 38 39 40 44 45 51 53 54 55 58 63 66 67 68 73 79 80 81 84 85 89 90 96 

-----------
heuristic:
score:1006850.0
facility 1:1 2 4 6 11 14 18 20 23 27 28 36 38 39 40 41 42 46 49 57 58 60 62 65 66 67 72 75 77 79 81 85 86 87 88 94 95 96 97 98 
facility 2:12 22 33 37 53 54 55 64 68 82 89 92 
facility 3:10 
facility 4:3 5 7 8 9 13 15 16 17 19 21 24 25 26 29 30 31 32 34 35 43 44 45 47 48 50 51 52 56 59 61 63 69 70 71 73 74 76 78 80 83 84 90 91 93 99 100 

heuristic opt:
score:672277.0
facility 1:4 6 23 28 40 46 58 60 67 72 75 77 79 85 87 88 94 98 
facility 2:11 12 14 18 22 29 33 34 37 39 42 43 52 53 55 57 59 63 68 71 91 92 97 99 
facility 3:1 5 7 10 21 31 36 41 54 56 61 64 69 70 74 80 81 82 84 86 89 90 95 100 
facility 4:2 3 8 9 13 15 16 17 19 20 24 25 26 27 30 32 35 38 44 45 47 48 49 50 51 62 65 66 73 76 78 83 93 96 

-----------
heuristic:
score:1006850.0
facility 1:1 2 4 6 11 14 18 20 23 27 28 36 38 39 40 41 42 46 49 57 58 60 62 65 66 67 72 75 77 79 81 85 86 87 88 94 95 96 97 98 
facility 2:12 22 33 37 53 54 55 64 68 82 89 92 
facility 3:10 
facility 4:3 5 7 8 9 13 15 16 17 19 21 24 25 26 29 30 31 32 34 35 43 44 45 47 48 50 51 52 56 59 61 63 69 70 71 73 74 76 78 80 83 84 90 91 93 99 100 

heuristic opt:
score:672277.0
facility 1:4 6 23 28 40 46 58 60 67 72 75 77 79 85 87 88 94 98 
facility 2:11 12 14 18 22 29 33 34 37 39 42 43 52 53 55 57 59 63 68 71 91 92 97 99 
facility 3:1 5 7 10 21 31 36 41 54 56 61 64 69 70 74 80 81 82 84 86 89 90 95 100 
facility 4:2 3 8 9 13 15 16 17 19 20 24 25 26 27 30 32 35 38 44 45 47 48 49 50 51 62 65 66 73 76 78 83 93 96 

########################################################
heuristic:    9.993175E7
heuristic opt:6.4777899E7

media heuristic:    989423.2673267326
media heuristic opt:641365.3366336634

score: 1.542682790622771
