4 4
145 165 34 59
17 18 99 114
9999 9999 9999 142
9999 175 3 51
162 13 9999 9999
138 56 78 85

4 4
92 13 35 184
160 33 26 177
9999 9999 9999 9999
9999 139 197 9999
194 129 8 146
153 9999 163 191

4 4
144 159 15 114
178 14 69 72
13 9999 9999 9999
45 143 91 22
193 9999 9999 152
9999 190 9999 9999

4 4
96 164 128 181
12 139 36 161
9999 9999 9999 9999
9999 51 9999 9999
114 134 31 16
121 58 9999 127

4 4
68 109 198 110
116 196 193 38
9999 9999 9999 9999
9999 71 11 49
162 119 9999 9999
129 11 174 149

4 4
185 79 199 122
96 115 153 169
9999 9999 9999 9999
162 19 113 7
9999 65 9999 9999
9999 9999 9999 83

4 4
41 56 110 123
2 46 187 103
9999 9999 171 9999
73 136 9999 73
11 9999 9999 93
177 82 38 186

4 4
31 43 151 4
172 180 191 57
9999 149 161 9999
117 9999 9999 9999
9999 9999 78 187
9999 33 9999 9999

4 4
134 65 116 56
69 95 116 190
9999 9999 172 9999
9999 9 9999 9999
172 49 97 6
129 9999 160 9999

4 4
142 16 127 178
109 168 173 195
9999 9999 9999 9999
9999 71 9999 186
26 107 175 9999
154 64 157 169

4 4
74 45 197 35
97 13 19 115
9999 9999 9999 9999
22 182 71 9999
141 9999 9999 22
34 100 181 162

4 4
40 170 47 83
117 198 148 112
9999 9999 121 188
9999 68 9999 63
74 9999 112 9999
149 43 153 9999

4 4
102 99 109 29
29 155 184 165
112 9999 9999 9999
62 9999 9999 9999
111 137 166 109
9999 108 23 154

4 4
28 116 17 83
58 2 51 5
82 9999 149 171
38 24 9999 27
9999 9999 9999 96
9999 157 21 9999

4 4
79 24 181 10
4 37 176 53
95 9999 9999 9999
9999 75 119 132
60 9999 22 9999
9999 65 9999 126

4 4
160 45 190 126
115 31 114 116
9999 151 9999 9999
9999 9999 195 84
9999 8 99 123
122 154 139 9999

4 4
36 95 21 189
81 12 180 189
36 31 9999 72
9999 35 9999 9999
68 147 9999 9999
48 9999 128 9999

4 4
24 15 178 153
17 98 28 198
196 55 9999 9999
51 9999 49 158
9999 95 9999 50
187 23 81 157

4 4
113 142 60 94
55 82 47 43
71 9999 112 9999
9999 131 133 9999
9999 89 9999 63
127 108 9999 81

4 4
1 20 156 129
110 9 100 147
9999 128 104 9999
189 9999 170 9999
196 9999 9999 9999
153 2 80 168

4 4
113 148 43 154
144 46 47 47
162 9999 9999 9999
192 9999 7 9999
16 163 33 33
147 9999 51 125

4 4
80 69 85 44
154 129 91 187
9999 9999 9999 9999
9999 9999 9999 187
123 84 79 9999
147 187 12 46

4 4
45 199 146 111
161 95 104 23
9999 9999 75 9999
113 9999 112 9999
61 172 97 10
9999 9999 9999 54

4 4
120 146 23 109
15 107 180 49
9999 23 9999 9999
9999 137 9999 142
47 37 147 9999
91 9999 9999 160

4 4
142 133 170 39
122 61 192 107
89 9999 171 9999
143 66 9999 9999
9999 60 9999 160
9999 9999 191 9999

4 4
6 33 117 135
139 131 146 85
9999 9999 9999 9999
9999 128 38 9999
156 9999 9999 116
149 191 137 199

4 4
44 39 87 175
197 23 23 135
9999 9999 9999 9999
144 85 9999 107
180 67 126 9999
9999 9999 162 137

4 4
117 57 170 140
73 93 157 142
136 109 9999 61
9999 9999 183 171
9999 83 150 5
66 9999 127 9999

4 4
35 162 84 163
95 66 49 168
36 9999 9999 9999
9999 9999 9999 9999
137 7 42 42
9999 178 82 115

4 4
114 184 106 161
47 109 129 88
178 9999 77 9999
9999 92 9999 23
9999 9999 9999 9999
9999 165 32 142

4 4
93 52 112 128
158 141 189 129
9999 9999 9999 9999
9999 47 195 145
17 71 39 135
176 9999 9999 45

4 4
8 92 155 161
147 163 192 165
9999 9999 4 9999
9999 40 135 9999
28 9999 9999 199
171 133 151 9999

4 4
14 97 180 142
81 38 18 97
9999 42 181 31
167 9999 34 9999
9999 9999 9999 9999
9999 122 9999 132

4 4
144 19 140 87
63 122 74 170
128 9999 39 9999
189 9999 110 9999
192 9999 39 59
101 5 9999 173

4 4
100 68 150 182
123 159 50 54
9999 9999 175 9999
9999 9999 9999 9999
9999 131 68 93
145 35 9999 9999

4 4
84 51 54 124
45 194 37 55
91 9999 9999 9999
9999 9999 9999 41
9999 9999 9999 115
9999 45 74 9999

4 4
132 182 58 181
73 75 130 199
9999 9999 9999 9999
161 161 9999 9999
9999 9999 16 162
158 133 147 9999

4 4
106 140 20 156
137 93 58 116
32 53 126 9999
94 9999 9999 9999
9999 144 157 170
22 178 9999 170

4 4
46 61 111 137
5 157 159 111
9999 185 9999 9999
9999 76 54 188
154 9999 159 1
32 51 190 20

4 4
137 99 122 122
33 12 13 100
12 72 9999 9999
4 147 144 9999
9999 9999 9999 9999
43 131 131 175

4 4
110 73 132 32
140 70 183 175
9999 9999 9999 123
9999 6 119 98
9999 52 9999 9999
142 101 35 109

4 4
127 20 163 140
130 199 150 197
8 9999 178 33
77 9999 119 9999
9999 136 9999 62
59 54 100 9999

4 4
149 49 186 39
23 48 182 48
9999 9999 9999 64
9999 121 100 189
148 69 26 9999
35 110 129 159

4 4
195 140 150 64
158 24 34 154
9999 197 92 31
41 9999 137 9999
113 142 69 14
146 7 62 9999

4 4
126 47 149 177
114 191 71 29
59 9999 30 9999
9999 50 9999 84
160 9999 9999 82
140 125 66 9999

4 4
15 64 130 167
99 159 188 31
9999 193 84 183
9999 9999 193 9999
36 58 188 57
78 9999 9999 175

4 4
121 177 101 132
137 136 103 4
9999 9999 146 9999
9999 9999 9999 9999
128 162 59 9999
9999 141 9999 45

4 4
30 113 129 111
109 130 85 1
177 9999 9999 9999
95 9999 9999 9999
9999 157 149 160
130 80 61 41

4 4
179 107 37 129
85 133 132 165
9999 9999 173 9999
3 9999 9999 9999
9999 109 9999 9999
133 105 20 96

4 4
123 43 129 116
22 30 171 174
102 9999 123 182
9999 9999 9999 111
7 52 59 9999
9999 9999 115 9999

4 4
171 115 153 196
150 26 46 96
93 9999 121 155
80 9999 9999 91
162 5 9999 9999
9999 166 54 148

4 4
130 57 161 197
66 30 156 46
48 9999 9999 43
182 158 9999 9999
158 20 146 45
9999 74 94 1

4 4
100 113 27 146
90 111 165 148
9999 9999 73 109
88 9999 89 186
107 190 9999 9999
96 78 6 9999

4 4
195 39 193 57
29 160 40 179
9999 9999 115 9999
6 177 9999 9999
178 54 9999 131
112 48 9999 21

4 4
126 55 93 140
104 191 154 171
9999 79 9999 9999
120 9999 180 61
9999 53 187 124
71 9999 133 9999

4 4
169 152 45 35
110 174 156 89
9999 9999 107 9999
39 10 9999 76
178 9999 9999 9999
133 102 173 67

4 4
70 80 192 150
21 133 68 142
42 9999 9999 9999
9999 108 9999 114
9999 9999 8 47
72 9999 103 9999

4 4
125 18 146 72
88 43 62 4
151 9 31 9999
106 9999 9999 87
9999 39 9999 9999
9999 3 122 199

4 4
41 173 186 80
199 181 84 58
92 199 164 9999
9999 9999 9999 89
104 105 193 145
109 9999 9999 136

4 4
41 37 179 152
15 127 161 174
9999 76 9999 114
9999 125 189 9999
38 122 9999 125
9999 9999 41 9999

4 4
174 157 103 33
58 6 64 29
56 137 176 125
106 9999 9999 115
9999 189 101 9999
35 9999 183 183

4 4
21 131 183 91
165 185 49 170
9999 53 9999 9999
9999 9999 126 10
169 9999 94 21
151 73 122 9999

4 4
71 41 80 149
53 99 132 80
197 9999 65 9999
134 183 9999 9999
9999 67 59 161
6 43 10 9999

4 4
19 2 132 196
7 72 49 183
9999 9999 147 9999
122 9999 9999 9999
16 90 9999 73
124 21 125 91

4 4
129 102 51 160
42 3 135 179
9999 9999 9999 150
197 51 129 9999
9999 9999 30 180
9999 9999 93 9999

4 4
138 105 108 29
13 71 23 190
9999 44 9999 9999
42 18 154 9999
9999 9999 40 43
99 57 50 150

4 4
189 109 104 82
80 87 50 97
141 16 81 9999
9999 9999 45 9999
37 119 164 99
9999 9999 9999 9999

4 4
116 7 25 7
129 192 64 126
9999 9999 142 9999
133 9999 168 9999
190 179 9999 7
176 9999 163 34

4 4
146 56 162 111
127 185 9 148
108 9999 63 9999
9999 14 22 191
9999 33 9999 9999
113 9999 180 82

4 4
71 25 159 89
175 127 157 19
9999 69 9999 9999
9999 9999 148 9999
36 9999 108 56
9999 171 111 19

4 4
44 162 156 186
122 174 30 125
57 9999 90 9999
9999 120 9999 9999
6 34 149 108
11 174 9999 81

4 4
177 121 82 31
30 38 171 155
91 3 38 116
9999 9999 39 21
9999 73 9999 66
9999 161 9999 9999

4 4
35 79 72 140
163 123 45 132
84 9999 9999 116
9999 195 9999 9999
44 9999 52 9999
82 26 147 96

4 4
99 177 102 39
72 32 61 195
9999 45 9999 191
173 16 131 150
109 199 7 9999
116 163 112 38

4 4
158 33 170 74
3 18 189 199
9999 9999 9999 9999
9999 9999 172 9999
163 9999 51 178
9999 114 4 177

4 4
84 122 130 193
115 158 73 161
9999 9999 37 29
9999 52 43 190
9999 9999 51 9999
111 133 9999 9999

4 4
11 182 83 172
54 10 10 159
9999 75 9999 9999
161 9999 9999 168
9999 146 47 22
107 150 14 77

4 4
124 133 69 171
13 104 136 181
9999 28 9999 9999
190 9999 9999 9999
155 16 47 9999
9999 192 155 66

4 4
192 55 68 77
130 119 14 180
38 9999 9999 36
9999 140 9999 9999
55 9999 103 1
7 9999 35 9999

4 4
124 6 38 120
48 162 137 170
189 134 9999 9999
9999 9999 9999 9999
53 9999 132 38
8 166 64 194

4 4
191 170 71 168
180 147 186 59
9999 143 9999 9999
9999 9999 9999 9999
9999 108 16 137
146 68 55 2

4 4
78 170 79 185
57 5 66 36
138 9999 144 9999
9999 9999 143 62
46 19 9999 9999
82 73 41 96

4 4
29 97 120 174
55 40 131 124
157 9999 9999 9999
9999 116 39 9999
9999 83 9999 171
9999 9999 8 9999

4 4
34 172 179 71
190 80 102 33
9999 48 71 9999
122 9999 39 31
110 116 61 9999
9999 78 85 39

4 4
197 153 126 167
95 63 177 140
9999 136 9999 194
9999 9999 177 9999
33 9999 80 36
31 187 39 9999

4 4
79 98 97 15
85 81 183 187
120 54 9999 175
122 9999 9999 145
60 9999 132 47
108 46 168 9999

4 4
2 185 71 113
19 140 115 151
9999 44 9999 9999
9999 9999 41 23
171 188 196 72
111 1 9999 94

4 4
35 99 41 107
75 23 74 153
9999 9999 9999 16
9999 44 130 9999
98 9 9999 72
153 80 192 135

4 4
74 149 119 61
66 12 163 72
9999 163 9999 9999
148 168 90 55
126 9999 174 45
190 134 140 112

4 4
83 112 74 42
183 146 51 15
9999 8 9999 9999
9999 9999 51 9999
9999 67 9999 194
84 9999 193 114

4 4
179 62 169 35
81 146 29 88
9999 9999 9999 72
189 158 65 9999
180 183 2 9999
9999 117 9999 68

4 4
197 138 64 80
80 102 85 18
168 172 9999 9999
9999 9999 9999 9999
71 9999 9999 142
160 9999 147 39

4 4
175 11 114 88
125 153 107 121
9999 9999 124 78
174 9999 9999 9999
175 9999 106 9999
25 196 24 54

4 4
198 192 154 58
91 174 118 194
53 156 9999 9999
88 9999 9999 9999
9999 9999 9999 160
9999 43 122 153

4 4
132 64 19 183
30 107 86 190
27 162 9999 166
3 164 147 173
9999 9999 191 185
57 9999 9999 63

4 4
164 9 175 186
161 24 81 126
9999 9999 9999 34
9999 9999 100 9999
124 9999 104 9999
179 185 9999 155

4 4
122 21 1 196
28 72 156 81
22 9999 68 121
9999 9999 9999 9999
170 175 42 9999
9999 9999 106 131

4 4
122 10 160 142
152 106 41 148
9999 9999 9999 9999
2 144 51 112
9999 67 9999 15
37 9999 46 137

4 4
88 135 5 168
91 65 126 84
107 190 9999 9999
9999 9999 173 9999
158 183 36 29
9999 167 9999 156

4 4
8 4 172 168
17 136 57 134
9999 9999 34 103
66 9999 9999 9999
9999 183 9999 9999
119 26 32 16


